mTimeStamp, mPci, mTac, mEarfcn, mMcc+mMnc, ss, rsrp, rsrq, rssnr, cqi, ta
50772108166697,369,16185,2300,310260,24,-108,-20,2147483647,2147483647,2147483647
50774347934993,369,16185,2300,310260,22,-113,-20,2147483647,2147483647,2147483647
50776890301132,370,16185,675,310260,22,-100,-11,2147483647,2147483647,2147483647
50779159355472,328,16185,2300,310260,24,-104,-17,2147483647,2147483647,2147483647
50781240104117,328,16185,2300,310260,26,-101,-18,2147483647,2147483647,2147483647
50783357904693,328,16185,2300,310260,27,-101,-18,2147483647,2147483647,2147483647
50785860682494,328,16185,2300,310260,27,-100,-20,2147483647,2147483647,2147483647
50788367799046,328,16185,2300,310260,26,-103,-20,2147483647,2147483647,2147483647
50790382321070,328,16185,2300,310260,27,-103,-20,2147483647,2147483647,2147483647
50792910093301,328,16185,2300,310260,27,-101,-20,2147483647,2147483647,2147483647
50795077197423,370,16185,2300,310260,24,-98,-11,2147483647,2147483647,2147483647
50796578392989,370,16185,2300,310260,23,-103,-13,2147483647,2147483647,2147483647
50798740113569,370,16185,2300,310260,22,-106,-15,2147483647,2147483647,2147483647
50799591311674,370,16185,2300,310260,22,-105,-15,2147483647,2147483647,2147483647
50802148108231,370,16185,2300,310260,22,-104,-14,2147483647,2147483647,2147483647
50802663471095,370,16185,2300,310260,26,-97,-14,2147483647,2147483647,2147483647
50804913785330,370,16185,2300,310260,28,-95,-16,2147483647,2147483647,2147483647
50806531265230,370,16185,2300,310260,27,-97,-14,2147483647,2147483647,2147483647
50807172514825,370,16185,2300,310260,24,-98,-13,2147483647,2147483647,2147483647
50807663661801,370,16185,2300,310260,26,-98,-15,2147483647,2147483647,2147483647
50808448894536,370,16185,2300,310260,26,-97,-14,2147483647,2147483647,2147483647
50808727928053,370,16185,2300,310260,26,-99,-16,2147483647,2147483647,2147483647
50809544545635,370,16185,2300,310260,26,-98,-15,2147483647,2147483647,2147483647
50811001790780,370,16185,2300,310260,26,-98,-16,2147483647,2147483647,2147483647
50811622257560,370,16185,2300,310260,24,-101,-12,2147483647,2147483647,2147483647
50813784859755,370,16185,2300,310260,23,-99,-10,2147483647,2147483647,2147483647
50813804382830,370,16185,2300,310260,23,-99,-10,2147483647,2147483647,2147483647
50816328863498,370,16185,2300,310260,25,-99,-14,2147483647,2147483647,2147483647
50817473204029,370,16185,2300,310260,24,-100,-14,2147483647,2147483647,2147483647
50818451010584,370,16185,2300,310260,26,-97,-13,2147483647,2147483647,2147483647
50821066485324,370,16185,2300,310260,21,-105,-13,2147483647,2147483647,2147483647
50821690068720,369,16185,2300,310260,13,-122,-14,2147483647,2147483647,2147483647
50822039085056,369,16185,2300,310260,12,-130,-20,2147483647,2147483647,2147483647
50822747920960,47,65535,850,null000,2147483647,2147483647,2147483647,2147483647,2147483647,2147483647}]

50823205993298,432,16185,5035,310260,19,-107,-17,2147483647,2147483647,2147483647
50823596120055,370,16185,2300,310260,23,-102,-14,2147483647,2147483647,2147483647
50824484700352,370,16185,2300,310260,27,-92,-13,2147483647,2147483647,2147483647
50824838936950,370,16185,2300,310260,31,-78,-13,2147483647,2147483647,2147483647
50825370935076,370,16185,2300,310260,31,-80,-15,2147483647,2147483647,2147483647
50827420308770,370,16185,2300,310260,31,-83,-13,2147483647,2147483647,2147483647
50828415414494,370,16185,2300,310260,31,-83,-12,2147483647,2147483647,2147483647
50830952283965,370,16185,2300,310260,31,-80,-14,2147483647,2147483647,2147483647
50833582196779,370,16185,2300,310260,31,-82,-13,2147483647,2147483647,2147483647
50835767155070,370,16185,2300,310260,31,-80,-13,2147483647,2147483647,2147483647
50836147668858,370,16185,2300,310260,31,-81,-14,2147483647,2147483647,2147483647
50836800097933,370,16185,2300,310260,31,-82,-12,2147483647,2147483647,2147483647
50838023296597,370,16185,2300,310260,31,-82,-16,2147483647,2147483647,2147483647
50838369451215,370,16185,2300,310260,31,-81,-11,2147483647,2147483647,2147483647
50839236925624,370,16185,2300,310260,31,-85,-16,2147483647,2147483647,2147483647
50839245631458,370,16185,2300,310260,31,-85,-16,2147483647,2147483647,2147483647
50841325296353,370,16185,2300,310260,31,-77,-12,2147483647,2147483647,2147483647
50842237977590,370,16185,2300,310260,31,-74,-10,2147483647,2147483647,2147483647
50842630013931,370,16185,2300,310260,31,-78,-13,2147483647,2147483647,2147483647
50843406588383,370,16185,2300,310260,31,-79,-13,2147483647,2147483647,2147483647
50843414787290,370,16185,2300,310260,31,-79,-13,2147483647,2147483647,2147483647
50844766294248,370,16185,2300,310260,31,-80,-13,2147483647,2147483647,2147483647
50846071451982,370,16185,2300,310260,31,-76,-10,2147483647,2147483647,2147483647
50846436715456,370,16185,2300,310260,31,-81,-14,2147483647,2147483647,2147483647
50847163040059,370,16185,2300,310260,31,-81,-14,2147483647,2147483647,2147483647
50847188636781,370,16185,2300,310260,31,-81,-14,2147483647,2147483647,2147483647
50848025412541,370,16185,2300,310260,31,-79,-15,2147483647,2147483647,2147483647
50850078629673,370,16185,2300,310260,31,-84,-16,2147483647,2147483647,2147483647
50851076744043,370,16185,2300,310260,31,-82,-15,2147483647,2147483647,2147483647
50851722858951,370,16185,2300,310260,31,-79,-14,2147483647,2147483647,2147483647
50851757829475,370,16185,2300,310260,31,-86,-18,2147483647,2147483647,2147483647
50852662066440,432,16185,2300,310260,31,-78,-8,2147483647,2147483647,2147483647
50853427857454,432,16185,2300,310260,31,-79,-10,2147483647,2147483647,2147483647
50853868310571,432,16185,2300,310260,31,-81,-10,2147483647,2147483647,2147483647
50854232817899,432,16185,2300,310260,31,-83,-16,2147483647,2147483647,2147483647
50855268782950,432,16185,2300,310260,31,-84,-16,2147483647,2147483647,2147483647
50856502812292,432,16185,2300,310260,31,-86,-19,2147483647,2147483647,2147483647
50858814361533,432,16185,2300,310260,31,-87,-18,2147483647,2147483647,2147483647
50861253516880,328,16185,2300,310260,31,-78,-14,2147483647,2147483647,2147483647
50862261863907,328,16185,2300,310260,31,-69,-10,2147483647,2147483647,2147483647
50862904746367,328,16185,2300,310260,31,-84,-19,2147483647,2147483647,2147483647
50863257888538,328,16185,2300,310260,31,-81,-12,2147483647,2147483647,2147483647
50864510916527,328,16185,2300,310260,31,-78,-11,2147483647,2147483647,2147483647
50865225736807,328,16185,2300,310260,31,-86,-17,2147483647,2147483647,2147483647
50865240972589,328,16185,2300,310260,31,-86,-17,2147483647,2147483647,2147483647
50866422791874,328,16185,2300,310260,31,-88,-15,2147483647,2147483647,2147483647
50866762079303,328,16185,2300,310260,31,-89,-20,2147483647,2147483647,2147483647
50868917024310,328,16185,2300,310260,30,-92,-17,2147483647,2147483647,2147483647
50870097350365,434,16185,2300,310260,31,-86,-12,2147483647,2147483647,2147483647
50870484173528,434,16185,2300,310260,31,-79,-10,2147483647,2147483647,2147483647
50871202131152,434,16185,2300,310260,31,-78,-12,2147483647,2147483647,2147483647
50873409759393,434,16185,2300,310260,31,-78,-16,2147483647,2147483647,2147483647
50875591528360,434,16185,2300,310260,31,-77,-9,2147483647,2147483647,2147483647
50877724786437,434,16185,2300,310260,31,-77,-14,2147483647,2147483647,2147483647
50879540061566,434,16185,2300,310260,31,-74,-9,2147483647,2147483647,2147483647
50881566948539,434,16185,2300,310260,31,-73,-8,2147483647,2147483647,2147483647
50883790880635,434,16185,2300,310260,31,-74,-13,2147483647,2147483647,2147483647
50886287133124,434,16185,2300,310260,31,-71,-10,2147483647,2147483647,2147483647
50888310709471,434,16185,2300,310260,31,-72,-12,2147483647,2147483647,2147483647
50890628022618,434,16185,2300,310260,31,-70,-8,2147483647,2147483647,2147483647
50892792694449,434,16185,2300,310260,31,-70,-13,2147483647,2147483647,2147483647
50895295688396,434,16185,2300,310260,31,-75,-14,2147483647,2147483647,2147483647
50896801852921,434,16185,2300,310260,31,-78,-10,2147483647,2147483647,2147483647
50897154526342,434,16185,2300,310260,31,-77,-9,2147483647,2147483647,2147483647
50898270134578,434,16185,2300,310260,31,-78,-12,2147483647,2147483647,2147483647
50900332231814,434,16185,2300,310260,31,-78,-14,2147483647,2147483647,2147483647
50902844868888,434,16185,2300,310260,31,-77,-14,2147483647,2147483647,2147483647
50905062655306,434,16185,2300,310260,31,-76,-12,2147483647,2147483647,2147483647
50907353600795,434,16185,2300,310260,31,-78,-15,2147483647,2147483647,2147483647
50909864490576,434,16185,2300,310260,31,-77,-15,2147483647,2147483647,2147483647
50912374732077,434,16185,2300,310260,31,-76,-15,2147483647,2147483647,2147483647
50914889748473,434,16185,2300,310260,31,-77,-13,2147483647,2147483647,2147483647
50917007776705,434,16185,2300,310260,31,-78,-14,2147483647,2147483647,2147483647
50917437855393,434,16185,2300,310260,31,-78,-14,2147483647,2147483647,2147483647
50919527009820,434,16185,2300,310260,31,-77,-14,2147483647,2147483647,2147483647
50921769485460,434,16185,2300,310260,31,-79,-10,2147483647,2147483647,2147483647
50923724040863,434,16185,2300,310260,31,-78,-14,2147483647,2147483647,2147483647
50924173283773,434,16185,2300,310260,31,-78,-9,2147483647,2147483647,2147483647
50925113860637,434,16185,2300,310260,31,-77,-15,2147483647,2147483647,2147483647
50926671065897,434,16185,2300,310260,31,-80,-13,2147483647,2147483647,2147483647
50927309311533,434,16185,2300,310260,31,-79,-14,2147483647,2147483647,2147483647
50927711797198,434,16185,2300,310260,31,-79,-14,2147483647,2147483647,2147483647
50928068117859,434,16185,2300,310260,31,-80,-14,2147483647,2147483647,2147483647
50930350641263,434,16185,2300,310260,31,-78,-14,2147483647,2147483647,2147483647
50932292220259,434,16185,2300,310260,31,-78,-14,2147483647,2147483647,2147483647
50932308139219,434,16185,2300,310260,31,-78,-14,2147483647,2147483647,2147483647
50934401426146,434,16185,2300,310260,31,-77,-15,2147483647,2147483647,2147483647
50936848817171,434,16185,2300,310260,31,-77,-15,2147483647,2147483647,2147483647
50939476700974,434,16185,2300,310260,31,-75,-14,2147483647,2147483647,2147483647
50940108041975,434,16185,2300,310260,31,-79,-14,2147483647,2147483647,2147483647
50940740976621,434,16185,2300,310260,31,-72,-15,2147483647,2147483647,2147483647
50941392441530,434,16185,2300,310260,31,-74,-14,2147483647,2147483647,2147483647
50941799989279,434,16185,2300,310260,31,-73,-15,2147483647,2147483647,2147483647
50942598856546,434,16185,2300,310260,31,-76,-14,2147483647,2147483647,2147483647
50942608504828,434,16185,2300,310260,31,-76,-14,2147483647,2147483647,2147483647
50944332227239,434,16185,2300,310260,31,-76,-11,2147483647,2147483647,2147483647
50946438783387,434,16185,2300,310260,31,-75,-14,2147483647,2147483647,2147483647
50948924895822,434,16185,2300,310260,31,-80,-12,2147483647,2147483647,2147483647
50951426974144,434,16185,2300,310260,31,-75,-10,2147483647,2147483647,2147483647
50952525875399,434,16185,2300,310260,31,-75,-14,2147483647,2147483647,2147483647
50955032503461,434,16185,2300,310260,31,-75,-10,2147483647,2147483647,2147483647
50957145944141,434,16185,2300,310260,31,-74,-10,2147483647,2147483647,2147483647
50959214728670,434,16185,2300,310260,31,-73,-10,2147483647,2147483647,2147483647
50961345407007,434,16185,2300,310260,31,-73,-13,2147483647,2147483647,2147483647
50963861447258,434,16185,2300,310260,31,-70,-14,2147483647,2147483647,2147483647
50966403527459,434,16185,2300,310260,31,-73,-15,2147483647,2147483647,2147483647
50966772030204,434,16185,2300,310260,31,-75,-13,2147483647,2147483647,2147483647
50969274750349,434,16185,2300,310260,31,-75,-11,2147483647,2147483647,2147483647
50970062320011,434,16185,2300,310260,31,-81,-16,2147483647,2147483647,2147483647
50970363095093,434,16185,2300,310260,31,-79,-15,2147483647,2147483647,2147483647
50970783795916,434,16185,2300,310260,31,-77,-15,2147483647,2147483647,2147483647
50971452120931,434,16185,2300,310260,31,-81,-11,2147483647,2147483647,2147483647
50971962784575,434,16185,2300,310260,31,-77,-14,2147483647,2147483647,2147483647
50972016106924,434,16185,2300,310260,31,-77,-14,2147483647,2147483647,2147483647
50974456361438,434,16185,2300,310260,31,-73,-10,2147483647,2147483647,2147483647
50975679604581,434,16185,2300,310260,31,-65,-14,2147483647,2147483647,2147483647
50977797122813,434,16185,2300,310260,31,-70,-9,2147483647,2147483647,2147483647
50980454086723,434,16185,2300,310260,31,-74,-13,2147483647,2147483647,2147483647
50981121180800,434,16185,2300,310260,31,-71,-13,2147483647,2147483647,2147483647
50981816833474,434,16185,2300,310260,31,-69,-13,2147483647,2147483647,2147483647
50982466566142,434,16185,2300,310260,31,-74,-12,2147483647,2147483647,2147483647
50983148500690,434,16185,2300,310260,31,-73,-14,2147483647,2147483647,2147483647
50983164002149,434,16185,2300,310260,31,-73,-14,2147483647,2147483647,2147483647
50985657723023,434,16185,2300,310260,31,-73,-12,2147483647,2147483647,2147483647
50986808658398,434,16185,2300,310260,31,-68,-8,2147483647,2147483647,2147483647
50988901436836,434,16185,2300,310260,31,-66,-14,2147483647,2147483647,2147483647
50989874165057,434,16185,2300,310260,31,-65,-14,2147483647,2147483647,2147483647
50990571300700,434,16185,2300,310260,31,-65,-9,2147483647,2147483647,2147483647
50990927485839,434,16185,2300,310260,31,-74,-9,2147483647,2147483647,2147483647
50991668529507,434,16185,2300,310260,31,-73,-15,2147483647,2147483647,2147483647
50992039010794,434,16185,2300,310260,31,-75,-11,2147483647,2147483647,2147483647
50992775961232,434,16185,2300,310260,31,-75,-10,2147483647,2147483647,2147483647
50994787882682,434,16185,2300,310260,31,-71,-9,2147483647,2147483647,2147483647
50996815662155,434,16185,2300,310260,31,-70,-12,2147483647,2147483647,2147483647
50997470517325,434,16185,2300,310260,31,-70,-12,2147483647,2147483647,2147483647
50997477806023,434,16185,2300,310260,31,-70,-12,2147483647,2147483647,2147483647
50998259790632,434,16185,2300,310260,31,-66,-9,2147483647,2147483647,2147483647
51000470406790,434,16185,2300,310260,31,-74,-16,2147483647,2147483647,2147483647
51002970872768,434,16185,2300,310260,31,-70,-14,2147483647,2147483647,2147483647
51005128414598,434,16185,2300,310260,31,-73,-15,2147483647,2147483647,2147483647
51007462129726,434,16185,2300,310260,31,-75,-17,2147483647,2147483647,2147483647
51007831447628,434,16185,2300,310260,31,-77,-14,2147483647,2147483647,2147483647
51008522486499,434,16185,2300,310260,31,-79,-16,2147483647,2147483647,2147483647
51010763648128,434,16185,2300,310260,31,-79,-15,2147483647,2147483647,2147483647
51011089220140,434,16185,2300,310260,31,-77,-15,2147483647,2147483647,2147483647
51011888070584,434,16185,2300,310260,31,-81,-16,2147483647,2147483647,2147483647
51013830055100,434,16185,2300,310260,31,-78,-16,2147483647,2147483647,2147483647
51013840458487,434,16185,2300,310260,31,-78,-16,2147483647,2147483647,2147483647
51016153673457,434,16185,2300,310260,31,-77,-14,2147483647,2147483647,2147483647
51018056459636,434,16185,2300,310260,31,-76,-18,2147483647,2147483647,2147483647
51018081792190,434,16185,2300,310260,31,-76,-18,2147483647,2147483647,2147483647
51019119019898,44,16185,2300,310260,31,-76,-14,2147483647,2147483647,2147483647
51020484133211,44,16185,2300,310260,31,-71,-13,2147483647,2147483647,2147483647
51021497914406,44,16185,2300,310260,31,-76,-15,2147483647,2147483647,2147483647
51022308690007,44,16185,2300,310260,31,-80,-14,2147483647,2147483647,2147483647
51024509257674,44,16185,2300,310260,31,-75,-16,2147483647,2147483647,2147483647
51027123611164,44,16185,2300,310260,31,-74,-12,2147483647,2147483647,2147483647
51029695825222,44,16185,2300,310260,31,-73,-12,2147483647,2147483647,2147483647
51030165074696,44,16185,2300,310260,31,-71,-13,2147483647,2147483647,2147483647
51030487136030,44,16185,2300,310260,31,-70,-15,2147483647,2147483647,2147483647
51032720920992,44,16185,2300,310260,31,-74,-11,2147483647,2147483647,2147483647
51033975161534,44,16185,2300,310260,31,-76,-16,2147483647,2147483647,2147483647
51034308083963,44,16185,2300,310260,31,-75,-15,2147483647,2147483647,2147483647
51035033220650,44,16185,2300,310260,31,-73,-16,2147483647,2147483647,2147483647
51036352934636,44,16185,2300,310260,31,-75,-17,2147483647,2147483647,2147483647
51036359956928,44,16185,2300,310260,31,-75,-17,2147483647,2147483647,2147483647
51038105526998,44,16185,2300,310260,31,-73,-17,2147483647,2147483647,2147483647
51038467356565,44,16185,2300,310260,31,-74,-16,2147483647,2147483647,2147483647
51039761448256,44,16185,2300,310260,31,-71,-14,2147483647,2147483647,2147483647
51040144618138,44,16185,2300,310260,31,-72,-14,2147483647,2147483647,2147483647
51041627455838,44,16185,2300,310260,31,-76,-16,2147483647,2147483647,2147483647
51043844397517,44,16185,2300,310260,31,-76,-16,2147483647,2147483647,2147483647
51045878165689,44,16185,2300,310260,31,-79,-20,2147483647,2147483647,2147483647
51048379779584,44,16185,2300,310260,31,-80,-18,2147483647,2147483647,2147483647
51050603097930,44,16185,2300,310260,31,-79,-20,2147483647,2147483647,2147483647
51051260950444,434,16185,2300,310260,31,-84,-16,2147483647,2147483647,2147483647
51051921946082,434,16185,2300,310260,31,-80,-11,2147483647,2147483647,2147483647
51053259945174,434,16185,2300,310260,31,-84,-15,2147483647,2147483647,2147483647
51053929305501,434,16185,2300,310260,31,-85,-16,2147483647,2147483647,2147483647
51055919936689,434,16185,2300,310260,30,-88,-13,2147483647,2147483647,2147483647
51056229505887,434,16185,2300,310260,31,-89,-18,2147483647,2147483647,2147483647
51058215796397,44,16185,2300,310260,31,-81,-13,2147483647,2147483647,2147483647
51058582553673,44,16185,2300,310260,31,-78,-16,2147483647,2147483647,2147483647
51060731879668,44,16185,2300,310260,31,-80,-14,2147483647,2147483647,2147483647
51062032392506,44,16185,2300,310260,31,-76,-16,2147483647,2147483647,2147483647
51063514677654,44,16185,2300,310260,31,-73,-12,2147483647,2147483647,2147483647
51064329896954,44,16185,2300,310260,31,-79,-16,2147483647,2147483647,2147483647
51065690282610,44,16185,2300,310260,31,-81,-15,2147483647,2147483647,2147483647
51066333186893,44,16185,2300,310260,31,-79,-13,2147483647,2147483647,2147483647
51067109517700,44,16185,2300,310260,31,-76,-13,2147483647,2147483647,2147483647
51069367204383,44,16185,2300,310260,31,-74,-16,2147483647,2147483647,2147483647
51071887680519,44,16185,2300,310260,31,-80,-15,2147483647,2147483647,2147483647
51074063320996,44,16185,2300,310260,31,-86,-14,2147483647,2147483647,2147483647
51075668833656,44,16185,2300,310260,31,-85,-13,2147483647,2147483647,2147483647
51077974287740,44,16185,2300,310260,31,-81,-16,2147483647,2147483647,2147483647
51078767270840,44,16185,2300,310260,31,-84,-14,2147483647,2147483647,2147483647
51079418958197,44,16185,2300,310260,30,-89,-15,2147483647,2147483647,2147483647
51080120513683,44,16185,2300,310260,30,-91,-17,2147483647,2147483647,2147483647
51080649441548,44,16185,2300,310260,30,-86,-12,2147483647,2147483647,2147483647
51081334656565,44,16185,2300,310260,31,-80,-13,2147483647,2147483647,2147483647
51081355965213,44,16185,2300,310260,31,-80,-13,2147483647,2147483647,2147483647
51082349877447,44,16185,2300,310260,30,-89,-14,2147483647,2147483647,2147483647
51084443241562,44,16185,2300,310260,31,-84,-15,2147483647,2147483647,2147483647
51086949951239,44,16185,2300,310260,31,-90,-17,2147483647,2147483647,2147483647
51088887360859,44,16185,2300,310260,31,-87,-16,2147483647,2147483647,2147483647
51091403638453,44,16185,2300,310260,31,-86,-16,2147483647,2147483647,2147483647
51093429694905,44,16185,2300,310260,31,-84,-11,2147483647,2147483647,2147483647
51093437081468,44,16185,2300,310260,31,-84,-11,2147483647,2147483647,2147483647
51095950471771,44,16185,2300,310260,30,-90,-15,2147483647,2147483647,2147483647
51098361396802,44,16185,2300,310260,31,-88,-16,2147483647,2147483647,2147483647
51099017071764,44,16185,2300,310260,28,-91,-13,2147483647,2147483647,2147483647
51099030803640,44,16185,2300,310260,28,-91,-13,2147483647,2147483647,2147483647
51100731034382,44,16185,2300,310260,31,-87,-16,2147483647,2147483647,2147483647
51101294791313,44,16185,2300,310260,29,-90,-13,2147483647,2147483647,2147483647
51102881185221,44,16185,2300,310260,31,-89,-16,2147483647,2147483647,2147483647
51103267218489,44,16185,2300,310260,29,-90,-13,2147483647,2147483647,2147483647
51103712285773,44,16185,2300,310260,30,-89,-15,2147483647,2147483647,2147483647
51104442977929,44,16185,2300,310260,30,-88,-14,2147483647,2147483647,2147483647
51106490694904,44,16185,2300,310260,28,-89,-12,2147483647,2147483647,2147483647
51108518600262,44,16185,2300,310260,31,-84,-11,2147483647,2147483647,2147483647
51111190861674,44,16185,2300,310260,31,-79,-15,2147483647,2147483647,2147483647
51111530099312,44,16185,2300,310260,31,-82,-15,2147483647,2147483647,2147483647
51113917626633,44,16185,2300,310260,31,-82,-16,2147483647,2147483647,2147483647
51115766647755,44,16185,2300,310260,31,-80,-16,2147483647,2147483647,2147483647
51118150498097,44,16185,2300,310260,31,-84,-14,2147483647,2147483647,2147483647
51118691639869,44,16185,2300,310260,30,-89,-15,2147483647,2147483647,2147483647
51119567971519,44,16185,2300,310260,31,-87,-16,2147483647,2147483647,2147483647
51119938843379,44,16185,2300,310260,30,-89,-15,2147483647,2147483647,2147483647
51120584827870,44,16185,2300,310260,29,-91,-14,2147483647,2147483647,2147483647
51121043950885,44,16185,2300,310260,30,-90,-16,2147483647,2147483647,2147483647
51122074805675,44,16185,2300,310260,30,-91,-16,2147483647,2147483647,2147483647
51123691770680,44,16185,2300,310260,31,-88,-17,2147483647,2147483647,2147483647
51125292774173,46,16185,675,310260,30,-92,-20,2147483647,2147483647,2147483647
51127826116665,46,16185,675,310260,30,-91,-19,2147483647,2147483647,2147483647
51128802546710,46,16185,675,310260,29,-93,-16,2147483647,2147483647,2147483647
51129495952769,46,16185,675,310260,31,-86,-15,2147483647,2147483647,2147483647
51130205797839,46,16185,675,310260,29,-89,-14,2147483647,2147483647,2147483647
51130563737458,46,16185,675,310260,29,-93,-17,2147483647,2147483647,2147483647
51131007633440,46,16185,675,310260,28,-95,-19,2147483647,2147483647,2147483647
51132338386281,46,16185,675,310260,27,-95,-16,2147483647,2147483647,2147483647
51134569047649,46,16185,675,310260,28,-98,-20,2147483647,2147483647,2147483647
51135680950885,46,16185,675,310260,27,-99,-19,2147483647,2147483647,2147483647
51137804876148,46,16185,675,310260,29,-93,-18,2147483647,2147483647,2147483647
51139391361150,46,16185,675,310260,27,-96,-17,2147483647,2147483647,2147483647
51141841647696,46,16185,675,310260,28,-96,-19,2147483647,2147483647,2147483647
51143470164838,46,16185,675,310260,27,-96,-17,2147483647,2147483647,2147483647
51144121826101,46,16185,675,310260,21,-107,-16,2147483647,2147483647,2147483647
51144513104994,46,16185,675,310260,23,-104,-16,2147483647,2147483647,2147483647
51145492083529,46,16185,675,310260,22,-106,-15,2147483647,2147483647,2147483647
51146019955092,46,16185,675,310260,22,-105,-14,2147483647,2147483647,2147483647
51146428174716,46,16185,675,310260,21,-106,-16,2147483647,2147483647,2147483647
51147477650237,46,16185,675,310260,21,-107,-16,2147483647,2147483647,2147483647
51149898874437,46,16185,675,310260,24,-101,-16,2147483647,2147483647,2147483647
51151963857611,46,16185,675,310260,26,-100,-18,2147483647,2147483647,2147483647
51153016284487,46,16185,675,310260,24,-103,-17,2147483647,2147483647,2147483647
51154150012725,46,16185,675,310260,24,-102,-17,2147483647,2147483647,2147483647
51154853266180,46,16185,675,310260,27,-92,-13,2147483647,2147483647,2147483647
51155479154732,46,16185,675,310260,28,-92,-15,2147483647,2147483647,2147483647
51155491933275,46,16185,675,310260,28,-92,-15,2147483647,2147483647,2147483647
51158159021926,46,16185,675,310260,27,-93,-14,2147483647,2147483647,2147483647
51158826542618,46,16185,675,310260,28,-93,-17,2147483647,2147483647,2147483647
51159489856694,46,16185,675,310260,28,-94,-17,2147483647,2147483647,2147483647
51159898422099,46,16185,675,310260,28,-93,-17,2147483647,2147483647,2147483647
51160366871990,46,16185,675,310260,26,-94,-13,2147483647,2147483647,2147483647
51162683488575,46,16185,675,310260,27,-94,-15,2147483647,2147483647,2147483647
51163186002166,46,16185,675,310260,26,-94,-13,2147483647,2147483647,2147483647
51163969304849,46,16185,675,310260,28,-95,-17,2147483647,2147483647,2147483647
51163975565787,46,16185,675,310260,28,-95,-17,2147483647,2147483647,2147483647
51166467200514,46,16185,675,310260,27,-95,-16,2147483647,2147483647,2147483647
51166987066556,46,16185,675,310260,26,-94,-14,2147483647,2147483647,2147483647
51167623136411,46,16185,675,310260,28,-94,-17,2147483647,2147483647,2147483647
51168294622623,46,16185,675,310260,27,-95,-15,2147483647,2147483647,2147483647
51168302999916,46,16185,675,310260,27,-95,-15,2147483647,2147483647,2147483647
51169457689510,46,16185,675,310260,27,-94,-14,2147483647,2147483647,2147483647
51169814349962,46,16185,675,310260,27,-91,-13,2147483647,2147483647,2147483647
51171983719762,46,16185,675,310260,27,-92,-13,2147483647,2147483647,2147483647
51174495005429,46,16185,675,310260,27,-92,-13,2147483647,2147483647,2147483647
51177009761200,46,16185,675,310260,27,-91,-13,2147483647,2147483647,2147483647
51179486846915,46,16185,675,310260,28,-92,-15,2147483647,2147483647,2147483647
51181525830191,46,16185,675,310260,26,-93,-14,2147483647,2147483647,2147483647
51184025073461,46,16185,675,310260,27,-94,-16,2147483647,2147483647,2147483647
51186543229650,46,16185,675,310260,27,-95,-17,2147483647,2147483647,2147483647
51189043467451,46,16185,675,310260,27,-94,-15,2147483647,2147483647,2147483647
51191555548951,46,16185,675,310260,27,-96,-16,2147483647,2147483647,2147483647
51194037137532,46,16185,675,310260,27,-97,-18,2147483647,2147483647,2147483647
51196190441809,46,16185,675,310260,25,-99,-16,2147483647,2147483647,2147483647
51196207616498,46,16185,675,310260,25,-99,-16,2147483647,2147483647,2147483647
51197082582835,46,16185,675,310260,27,-93,-15,2147483647,2147483647,2147483647
51199207208932,46,16185,675,310260,28,-95,-18,2147483647,2147483647,2147483647
51200192998353,46,16185,675,310260,26,-96,-16,2147483647,2147483647,2147483647
51200517767396,46,16185,675,310260,26,-95,-12,2147483647,2147483647,2147483647
51201313763673,46,16185,675,310260,28,-95,-17,2147483647,2147483647,2147483647
51201616637870,46,16185,675,310260,28,-96,-17,2147483647,2147483647,2147483647
51203440498677,46,16185,675,310260,27,-96,-18,2147483647,2147483647,2147483647
51203786193346,46,16185,675,310260,26,-96,-13,2147483647,2147483647,2147483647
51204982175549,46,16185,675,310260,26,-95,-14,2147483647,2147483647,2147483647
51205334783136,46,16185,675,310260,26,-95,-14,2147483647,2147483647,2147483647
51206036689873,46,16185,675,310260,27,-95,-15,2147483647,2147483647,2147483647
51206895868604,46,16185,675,310260,28,-95,-16,2147483647,2147483647,2147483647
51207563620337,46,16185,675,310260,28,-95,-17,2147483647,2147483647,2147483647
51207938019906,46,16185,675,310260,27,-96,-17,2147483647,2147483647,2147483647
51208342823540,46,16185,675,310260,28,-96,-17,2147483647,2147483647,2147483647
51209214351231,46,16185,675,310260,26,-96,-16,2147483647,2147483647,2147483647
51209248607120,46,16185,675,310260,26,-96,-16,2147483647,2147483647,2147483647
51211689836894,46,16185,675,310260,27,-96,-17,2147483647,2147483647,2147483647
51212788946847,46,16185,675,310260,26,-96,-16,2147483647,2147483647,2147483647
51213174824021,46,16185,675,310260,27,-96,-17,2147483647,2147483647,2147483647
51213923638054,46,16185,675,310260,26,-96,-16,2147483647,2147483647,2147483647
51214678122661,46,16185,675,310260,28,-95,-18,2147483647,2147483647,2147483647
51214685787036,46,16185,675,310260,28,-95,-18,2147483647,2147483647,2147483647
51215799622460,46,16185,675,310260,26,-96,-16,2147483647,2147483647,2147483647
51216181195987,46,16185,675,310260,26,-96,-15,2147483647,2147483647,2147483647
51216890218506,46,16185,675,310260,26,-96,-15,2147483647,2147483647,2147483647
51217453118250,46,16185,675,310260,26,-96,-15,2147483647,2147483647,2147483647
51218387501051,46,16185,675,310260,26,-97,-16,2147483647,2147483647,2147483647
51219695762952,46,16185,675,310260,26,-96,-16,2147483647,2147483647,2147483647
51222383361657,46,16185,675,310260,26,-97,-16,2147483647,2147483647,2147483647
51222390615044,46,16185,675,310260,26,-97,-16,2147483647,2147483647,2147483647
51224055426876,46,16185,675,310260,27,-94,-16,2147483647,2147483647,2147483647
51226567048376,46,16185,675,310260,27,-95,-14,2147483647,2147483647,2147483647
51229080197377,46,16185,675,310260,26,-96,-13,2147483647,2147483647,2147483647
51231738857173,46,16185,675,310260,27,-96,-17,2147483647,2147483647,2147483647
51232141706952,46,16185,675,310260,27,-95,-17,2147483647,2147483647,2147483647
51232931011927,46,16185,675,310260,28,-92,-15,2147483647,2147483647,2147483647
51233326919102,46,16185,675,310260,29,-92,-16,2147483647,2147483647,2147483647
51233991652710,46,16185,675,310260,27,-93,-14,2147483647,2147483647,2147483647
51236223359234,46,16185,675,310260,28,-94,-17,2147483647,2147483647,2147483647
51236535997494,46,16185,675,310260,27,-94,-14,2147483647,2147483647,2147483647
51238709715003,46,16185,675,310260,27,-93,-14,2147483647,2147483647,2147483647
51241428654336,46,16185,675,310260,28,-93,-16,2147483647,2147483647,2147483647
51243727111388,46,16185,675,310260,26,-94,-13,2147483647,2147483647,2147483647
51244074841891,46,16185,675,310260,27,-93,-13,2147483647,2147483647,2147483647
51244832137331,46,16185,675,310260,26,-93,-14,2147483647,2147483647,2147483647
51246825180655,46,16185,675,310260,26,-94,-14,2147483647,2147483647,2147483647
51249319529497,46,16185,675,310260,28,-94,-17,2147483647,2147483647,2147483647
51251829160007,46,16185,675,310260,27,-94,-16,2147483647,2147483647,2147483647
51253895524797,46,16185,675,310260,26,-94,-14,2147483647,2147483647,2147483647
51256167195440,46,16185,675,310260,26,-94,-13,2147483647,2147483647,2147483647
51258686051888,46,16185,675,310260,26,-94,-14,2147483647,2147483647,2147483647
51261188526461,46,16185,675,310260,27,-95,-17,2147483647,2147483647,2147483647
51263703803222,46,16185,675,310260,26,-94,-12,2147483647,2147483647,2147483647
51266215838264,46,16185,675,310260,27,-94,-16,2147483647,2147483647,2147483647
51268727556326,46,16185,675,310260,26,-94,-14,2147483647,2147483647,2147483647
51271232533555,46,16185,675,310260,26,-94,-14,2147483647,2147483647,2147483647
51273747405368,46,16185,675,310260,27,-93,-15,2147483647,2147483647,2147483647
51276045420805,46,16185,675,310260,27,-93,-16,2147483647,2147483647,2147483647
51278547534752,46,16185,675,310260,27,-93,-14,2147483647,2147483647,2147483647
51280525947606,46,16185,675,310260,27,-93,-14,2147483647,2147483647,2147483647
51281291488776,46,16185,675,310260,27,-93,-14,2147483647,2147483647,2147483647
51281932160923,46,16185,675,310260,26,-94,-14,2147483647,2147483647,2147483647
51282285006948,46,16185,675,310260,27,-94,-15,2147483647,2147483647,2147483647
51283085945777,46,16185,675,310260,27,-93,-14,2147483647,2147483647,2147483647
51283427162791,46,16185,675,310260,27,-94,-15,2147483647,2147483647,2147483647
51284252413550,46,16185,675,310260,27,-94,-14,2147483647,2147483647,2147483647
51284926145752,46,16185,675,310260,26,-94,-14,2147483647,2147483647,2147483647
51287446170691,46,16185,675,310260,27,-94,-14,2147483647,2147483647,2147483647
51289948398544,46,16185,675,310260,26,-94,-14,2147483647,2147483647,2147483647
51292460996347,46,16185,675,310260,27,-93,-15,2147483647,2147483647,2147483647
51293739716162,46,16185,675,310260,29,-93,-17,2147483647,2147483647,2147483647
51294558387285,46,16185,675,310260,28,-93,-16,2147483647,2147483647,2147483647
51294922878363,46,16185,675,310260,28,-93,-17,2147483647,2147483647,2147483647
51294933214926,46,16185,675,310260,28,-93,-17,2147483647,2147483647,2147483647
51296054691913,46,16185,675,310260,27,-93,-14,2147483647,2147483647,2147483647
51296703785259,46,16185,675,310260,27,-94,-15,2147483647,2147483647,2147483647
51297501747786,46,16185,675,310260,26,-95,-14,2147483647,2147483647,2147483647
51299984621003,46,16185,675,310260,27,-95,-17,2147483647,2147483647,2147483647
51302488071096,46,16185,675,310260,27,-95,-16,2147483647,2147483647,2147483647
51302514796150,46,16185,675,310260,27,-95,-16,2147483647,2147483647,2147483647
51304699169076,46,16185,675,310260,25,-97,-14,2147483647,2147483647,2147483647
51304736944861,46,16185,675,310260,25,-97,-14,2147483647,2147483647,2147483647
51307101419576,46,16185,675,310260,26,-97,-15,2147483647,2147483647,2147483647
51309614318993,46,16185,675,310260,26,-97,-15,2147483647,2147483647,2147483647
51312029885223,46,16185,675,310260,27,-96,-17,2147483647,2147483647,2147483647
51314101764596,46,16185,675,310260,26,-96,-16,2147483647,2147483647,2147483647
51316628135473,46,16185,675,310260,25,-97,-15,2147483647,2147483647,2147483647
51318802213711,46,16185,675,310260,28,-95,-19,2147483647,2147483647,2147483647
51320883135428,46,16185,675,310260,28,-97,-19,2147483647,2147483647,2147483647
51321220119264,46,16185,675,310260,27,-95,-15,2147483647,2147483647,2147483647
51322022908250,46,16185,675,310260,28,-95,-19,2147483647,2147483647,2147483647
51322031558459,46,16185,675,310260,28,-95,-19,2147483647,2147483647,2147483647
51322859004323,46,16185,675,310260,26,-95,-15,2147483647,2147483647,2147483647
51323845531869,46,16185,675,310260,27,-95,-16,2147483647,2147483647,2147483647
51326281289195,46,16185,675,310260,26,-95,-15,2147483647,2147483647,2147483647
51328796137623,46,16185,675,310260,27,-94,-15,2147483647,2147483647,2147483647
51330948180962,46,16185,675,310260,26,-95,-14,2147483647,2147483647,2147483647
51331463201795,46,16185,675,310260,26,-95,-15,2147483647,2147483647,2147483647
51332127548371,46,16185,675,310260,26,-95,-15,2147483647,2147483647,2147483647
51332803770210,46,16185,675,310260,26,-95,-15,2147483647,2147483647,2147483647
51333516896062,46,16185,675,310260,26,-95,-15,2147483647,2147483647,2147483647
51333867900888,46,16185,675,310260,27,-95,-16,2147483647,2147483647,2147483647
51336021942926,46,16185,675,310260,26,-95,-14,2147483647,2147483647,2147483647
51338537082239,46,16185,675,310260,26,-95,-15,2147483647,2147483647,2147483647
51340702675059,46,16185,675,310260,27,-94,-16,2147483647,2147483647,2147483647
51342706679738,46,16185,675,310260,26,-95,-15,2147483647,2147483647,2147483647
51343083490973,46,16185,675,310260,28,-95,-18,2147483647,2147483647,2147483647
51344276797290,46,16185,675,310260,27,-95,-16,2147483647,2147483647,2147483647
51344962250171,46,16185,675,310260,26,-98,-17,2147483647,2147483647,2147483647
51347484046359,46,16185,675,310260,25,-99,-16,2147483647,2147483647,2147483647
51350155286365,46,16185,675,310260,26,-98,-18,2147483647,2147483647,2147483647
51352499303786,46,16185,675,310260,26,-98,-16,2147483647,2147483647,2147483647
51353831168606,46,16185,675,310260,24,-101,-17,2147483647,2147483647,2147483647
51354711787444,46,16185,675,310260,27,-96,-16,2147483647,2147483647,2147483647
51354724662497,46,16185,675,310260,27,-96,-16,2147483647,2147483647,2147483647
51357212342016,46,16185,675,310260,27,-95,-15,2147483647,2147483647,2147483647
51359724487162,46,16185,675,310260,26,-95,-15,2147483647,2147483647,2147483647
51361683676524,46,16185,675,310260,27,-95,-15,2147483647,2147483647,2147483647
51362032995726,46,16185,675,310260,26,-97,-16,2147483647,2147483647,2147483647
51362781849863,46,16185,675,310260,26,-96,-13,2147483647,2147483647,2147483647
51363187549278,46,16185,675,310260,26,-96,-14,2147483647,2147483647,2147483647
51363873969971,46,16185,675,310260,26,-95,-15,2147483647,2147483647,2147483647
51364241634904,46,16185,675,310260,26,-93,-12,2147483647,2147483647,2147483647
51366387304597,46,16185,675,310260,26,-96,-15,2147483647,2147483647,2147483647
51368866415000,46,16185,675,310260,28,-93,-16,2147483647,2147483647,2147483647
51370896217233,46,16185,675,310260,26,-93,-12,2147483647,2147483647,2147483647
51373501121347,46,16185,675,310260,27,-93,-15,2147483647,2147483647,2147483647
51375830333194,46,16185,675,310260,27,-96,-15,2147483647,2147483647,2147483647
51376815453188,46,16185,675,310260,29,-93,-16,2147483647,2147483647,2147483647
51378847089744,46,16185,675,310260,27,-95,-14,2147483647,2147483647,2147483647
51381349731556,46,16185,675,310260,27,-95,-13,2147483647,2147483647,2147483647
51383043963652,46,16185,675,310260,27,-96,-15,2147483647,2147483647,2147483647
51383068653290,46,16185,675,310260,27,-96,-15,2147483647,2147483647,2147483647
51384309303257,46,16185,675,310260,26,-95,-15,2147483647,2147483647,2147483647
51386049872285,46,16185,675,310260,27,-97,-16,2147483647,2147483647,2147483647
51386736884384,46,16185,675,310260,27,-95,-15,2147483647,2147483647,2147483647
51388901028090,46,16185,675,310260,27,-95,-16,2147483647,2147483647,2147483647
51389309379120,46,16185,675,310260,25,-100,-17,2147483647,2147483647,2147483647
51391404019068,46,16185,675,310260,26,-97,-16,2147483647,2147483647,2147483647
51393925258590,46,16185,675,310260,26,-97,-17,2147483647,2147483647,2147483647
51395216454083,46,16185,675,310260,25,-96,-15,2147483647,2147483647,2147483647
51395230470491,46,16185,675,310260,25,-96,-15,2147483647,2147483647,2147483647
51396145533447,46,16185,675,310260,25,-99,-16,2147483647,2147483647,2147483647
51396427189360,46,16185,675,310260,26,-96,-15,2147483647,2147483647,2147483647
51398700377868,46,16185,675,310260,27,-96,-16,2147483647,2147483647,2147483647
51401217604056,46,16185,675,310260,25,-99,-16,2147483647,2147483647,2147483647
51403283895929,46,16185,675,310260,26,-98,-16,2147483647,2147483647,2147483647
51405282619044,46,16185,675,310260,24,-99,-15,2147483647,2147483647,2147483647
51407424530508,46,16185,675,310260,26,-99,-18,2147483647,2147483647,2147483647
51409936634300,46,16185,675,310260,24,-99,-14,2147483647,2147483647,2147483647
51412187905201,46,16185,675,310260,26,-97,-16,2147483647,2147483647,2147483647
51413642506492,46,16185,675,310260,25,-97,-13,2147483647,2147483647,2147483647
51414490719181,46,16185,675,310260,27,-97,-15,2147483647,2147483647,2147483647
51414875317917,46,16185,675,310260,26,-97,-16,2147483647,2147483647,2147483647
51417085737147,46,16185,675,310260,26,-96,-14,2147483647,2147483647,2147483647
51417436628901,46,16185,675,310260,26,-97,-13,2147483647,2147483647,2147483647
51418384928891,46,16185,675,310260,27,-93,-15,2147483647,2147483647,2147483647
51418820260341,46,16185,675,310260,26,-93,-12,2147483647,2147483647,2147483647
51418839991905,46,16185,675,310260,26,-93,-12,2147483647,2147483647,2147483647
51421328520383,46,16185,675,310260,27,-95,-16,2147483647,2147483647,2147483647
51423857796676,46,16185,675,310260,27,-94,-16,2147483647,2147483647,2147483647
51426187799825,46,16185,675,310260,27,-94,-13,2147483647,2147483647,2147483647
51426208549358,46,16185,675,310260,27,-94,-13,2147483647,2147483647,2147483647
51428688998043,46,16185,675,310260,28,-93,-14,2147483647,2147483647,2147483647
51431203001366,46,16185,675,310260,28,-93,-14,2147483647,2147483647,2147483647
51433713395470,46,16185,675,310260,27,-94,-15,2147483647,2147483647,2147483647
51435507780285,46,16185,675,310260,27,-96,-18,2147483647,2147483647,2147483647
51436212341136,46,16185,675,310260,28,-91,-15,2147483647,2147483647,2147483647
51437546303092,46,16185,675,310260,27,-91,-14,2147483647,2147483647,2147483647
51437907997399,46,16185,675,310260,28,-91,-15,2147483647,2147483647,2147483647
51440072027718,46,16185,675,310260,28,-90,-14,2147483647,2147483647,2147483647
51442693361678,46,16185,675,310260,28,-92,-14,2147483647,2147483647,2147483647
51445301239854,46,16185,675,310260,28,-93,-15,2147483647,2147483647,2147483647
51447417437721,46,16185,675,310260,29,-90,-15,2147483647,2147483647,2147483647
51449919268074,46,16185,675,310260,28,-91,-14,2147483647,2147483647,2147483647
51452408821812,46,16185,675,310260,28,-91,-13,2147483647,2147483647,2147483647
51454716940479,46,16185,675,310260,29,-91,-16,2147483647,2147483647,2147483647
51455389461744,46,16185,675,310260,30,-91,-16,2147483647,2147483647,2147483647
51456239006100,46,16185,675,310260,27,-91,-13,2147483647,2147483647,2147483647
51456748249901,46,16185,675,310260,29,-91,-16,2147483647,2147483647,2147483647
51457579533004,46,16185,675,310260,28,-91,-14,2147483647,2147483647,2147483647
51457922200226,46,16185,675,310260,29,-92,-16,2147483647,2147483647,2147483647
51460087359556,46,16185,675,310260,28,-92,-13,2147483647,2147483647,2147483647
51462600866577,46,16185,675,310260,29,-91,-15,2147483647,2147483647,2147483647
51464743974135,46,16185,675,310260,27,-91,-13,2147483647,2147483647,2147483647
51464751617469,46,16185,675,310260,27,-91,-13,2147483647,2147483647,2147483647
51467102193953,46,16185,675,310260,29,-91,-15,2147483647,2147483647,2147483647
51468296307874,46,16185,675,310260,27,-92,-13,2147483647,2147483647,2147483647
51468952218460,46,16185,675,310260,28,-93,-16,2147483647,2147483647,2147483647
51469694610149,46,16185,675,310260,29,-90,-15,2147483647,2147483647,2147483647
51470330650420,46,16185,675,310260,29,-90,-16,2147483647,2147483647,2147483647
51470337140525,46,16185,675,310260,29,-90,-16,2147483647,2147483647,2147483647
51472842850514,46,16185,675,310260,28,-91,-14,2147483647,2147483647,2147483647
51475347798733,46,16185,675,310260,27,-94,-15,2147483647,2147483647,2147483647
51477575338069,46,16185,675,310260,26,-96,-15,2147483647,2147483647,2147483647
51478408957110,46,16185,675,310260,28,-90,-13,2147483647,2147483647,2147483647
51480584307588,46,16185,675,310260,28,-91,-15,2147483647,2147483647,2147483647
51483093089556,46,16185,675,310260,26,-91,-11,2147483647,2147483647,2147483647
51485634204601,46,16185,675,310260,27,-92,-13,2147483647,2147483647,2147483647
51488113353494,46,16185,675,310260,29,-90,-15,2147483647,2147483647,2147483647
51489217849541,46,16185,675,310260,28,-91,-15,2147483647,2147483647,2147483647
51491708375571,46,16185,675,310260,25,-91,-9,2147483647,2147483647,2147483647
51494302883329,46,16185,675,310260,28,-94,-16,2147483647,2147483647,2147483647
51496813539152,46,16185,675,310260,28,-92,-16,2147483647,2147483647,2147483647
51499350410395,46,16185,675,310260,27,-90,-11,2147483647,2147483647,2147483647
51500976182432,46,16185,675,310260,29,-90,-15,2147483647,2147483647,2147483647
51503711863173,46,16185,675,310260,27,-90,-11,2147483647,2147483647,2147483647
51505788469838,46,16185,675,310260,28,-90,-14,2147483647,2147483647,2147483647
51508296191338,46,16185,675,310260,28,-90,-13,2147483647,2147483647,2147483647
51510812772370,46,16185,675,310260,27,-94,-14,2147483647,2147483647,2147483647
51511572872810,46,16185,675,310260,27,-94,-14,2147483647,2147483647,2147483647
51512115875833,46,16185,675,310260,25,-98,-16,2147483647,2147483647,2147483647
51514643744678,46,16185,675,310260,26,-98,-16,2147483647,2147483647,2147483647
51517145943365,46,16185,675,310260,26,-97,-16,2147483647,2147483647,2147483647
51518735314305,46,16185,675,310260,26,-91,-11,2147483647,2147483647,2147483647
51521237594919,46,16185,675,310260,25,-96,-12,2147483647,2147483647,2147483647
51523750440586,46,16185,675,310260,27,-95,-16,2147483647,2147483647,2147483647
51526300706048,46,16185,675,310260,25,-96,-13,2147483647,2147483647,2147483647
51528792045255,46,16185,675,310260,27,-96,-15,2147483647,2147483647,2147483647
51531297830765,46,16185,675,310260,26,-97,-16,2147483647,2147483647,2147483647
51533814622109,46,16185,675,310260,27,-96,-15,2147483647,2147483647,2147483647
51536325791734,46,16185,675,310260,26,-96,-14,2147483647,2147483647,2147483647
51538888830167,46,16185,675,310260,26,-96,-15,2147483647,2147483647,2147483647
51539424356626,46,16185,675,310260,27,-97,-17,2147483647,2147483647,2147483647
51541934127189,46,16185,675,310260,26,-99,-18,2147483647,2147483647,2147483647
51544562118701,46,16185,675,310260,26,-99,-17,2147483647,2147483647,2147483647
51547036954468,46,16185,675,310260,25,-99,-17,2147483647,2147483647,2147483647
51549546130499,46,16185,675,310260,26,-99,-18,2147483647,2147483647,2147483647
51552049482155,46,16185,675,310260,26,-98,-16,2147483647,2147483647,2147483647
51554555264696,46,16185,675,310260,26,-100,-19,2147483647,2147483647,2147483647
51556922968369,46,16185,675,310260,26,-99,-18,2147483647,2147483647,2147483647
51559070242698,46,16185,675,310260,27,-99,-18,2147483647,2147483647,2147483647
51561573347635,46,16185,675,310260,25,-98,-16,2147483647,2147483647,2147483647
51564079490280,46,16185,675,310260,27,-98,-18,2147483647,2147483647,2147483647
51566596905219,46,16185,675,310260,26,-99,-17,2147483647,2147483647,2147483647
51569101129114,46,16185,675,310260,26,-98,-17,2147483647,2147483647,2147483647
51571102015719,46,16185,675,310260,26,-99,-18,2147483647,2147483647,2147483647
51571939116688,46,16185,675,310260,24,-101,-16,2147483647,2147483647,2147483647
51573113872639,46,16185,2300,310260,27,-94,-15,2147483647,2147483647,2147483647
51573614341907,46,16185,2300,310260,26,-95,-14,2147483647,2147483647,2147483647
51573629824825,46,16185,2300,310260,26,-95,-14,2147483647,2147483647,2147483647
51575802228063,46,16185,2300,310260,26,-95,-14,2147483647,2147483647,2147483647
51578131001472,46,16185,2300,310260,27,-94,-15,2147483647,2147483647,2147483647
51580146185006,46,16185,2300,310260,27,-92,-12,2147483647,2147483647,2147483647
51580801701321,46,16185,2300,310260,27,-93,-13,2147483647,2147483647,2147483647
51583071054933,46,16185,2300,310260,28,-93,-14,2147483647,2147483647,2147483647
51584685960510,46,16185,2300,310260,26,-98,-16,2147483647,2147483647,2147483647
51586716334723,46,16185,2300,310260,27,-96,-15,2147483647,2147483647,2147483647
51589219840337,46,16185,2300,310260,27,-96,-15,2147483647,2147483647,2147483647
51591701448240,46,16185,2300,310260,27,-96,-15,2147483647,2147483647,2147483647
51592392018934,46,16185,2300,310260,26,-95,-14,2147483647,2147483647,2147483647
51592821602935,46,16185,2300,310260,26,-95,-13,2147483647,2147483647,2147483647
51594892800121,46,16185,2300,310260,27,-95,-15,2147483647,2147483647,2147483647
51597396137766,46,16185,2300,310260,27,-94,-13,2147483647,2147483647,2147483647
51599900693693,46,16185,2300,310260,27,-93,-14,2147483647,2147483647,2147483647
51602090753546,46,16185,2300,310260,26,-95,-13,2147483647,2147483647,2147483647
51603567536714,46,16185,2300,310260,26,-94,-12,2147483647,2147483647,2147483647
51606096960404,46,16185,2300,310260,26,-93,-11,2147483647,2147483647,2147483647
51608598459976,46,16185,2300,310260,28,-91,-13,2147483647,2147483647,2147483647
51611120992467,46,16185,2300,310260,28,-93,-16,2147483647,2147483647,2147483647
51613627903706,46,16185,2300,310260,26,-94,-13,2147483647,2147483647,2147483647
51616136394581,46,16185,2300,310260,27,-93,-14,2147483647,2147483647,2147483647
51618659849728,46,16185,2300,310260,28,-94,-15,2147483647,2147483647,2147483647
51619167522279,46,16185,2300,310260,27,-94,-15,2147483647,2147483647,2147483647
51619556469921,46,16185,2300,310260,25,-96,-11,2147483647,2147483647,2147483647
51621651792838,46,16185,2300,310260,26,-96,-15,2147483647,2147483647,2147483647
51624030736773,46,16185,2300,310260,26,-92,-10,2147483647,2147483647,2147483647
51626144305369,46,16185,2300,310260,27,-92,-12,2147483647,2147483647,2147483647
51628646215306,46,16185,2300,310260,24,-98,-11,2147483647,2147483647,2147483647
51631173072016,46,16185,2300,310260,27,-97,-15,2147483647,2147483647,2147483647
51633675175182,46,16185,2300,310260,26,-97,-15,2147483647,2147483647,2147483647
51636228543770,46,16185,2300,310260,26,-98,-15,2147483647,2147483647,2147483647
51638692079692,46,16185,2300,310260,26,-97,-15,2147483647,2147483647,2147483647
51641194735723,46,16185,2300,310260,25,-97,-13,2147483647,2147483647,2147483647
51643712514359,46,16185,2300,310260,26,-97,-16,2147483647,2147483647,2147483647
51646210747264,46,16185,2300,310260,27,-97,-15,2147483647,2147483647,2147483647
51648719738035,46,16185,2300,310260,26,-98,-14,2147483647,2147483647,2147483647
51651223965159,46,16185,2300,310260,26,-98,-15,2147483647,2147483647,2147483647
51653422078660,46,16185,2300,310260,26,-98,-15,2147483647,2147483647,2147483647
51655845405620,46,16185,2300,310260,25,-96,-13,2147483647,2147483647,2147483647
51656834347593,46,16185,2300,310260,28,-94,-15,2147483647,2147483647,2147483647
51657615783869,46,16185,2300,310260,27,-96,-15,2147483647,2147483647,2147483647
51658171094914,46,16185,2300,310260,28,-92,-14,2147483647,2147483647,2147483647
51660681964487,46,16185,2300,310260,26,-94,-9,2147483647,2147483647,2147483647
51663196995883,46,16185,2300,310260,27,-92,-13,2147483647,2147483647,2147483647
51665706913581,46,16185,2300,310260,26,-92,-11,2147483647,2147483647,2147483647
51667040393714,46,16185,2300,310260,28,-93,-14,2147483647,2147483647,2147483647
51669139766007,46,16185,2300,310260,29,-92,-15,2147483647,2147483647,2147483647
51671208522567,46,16185,2300,310260,29,-92,-15,2147483647,2147483647,2147483647
51673734424433,46,16185,2300,310260,28,-92,-15,2147483647,2147483647,2147483647
51674550365712,46,16185,2300,310260,28,-92,-14,2147483647,2147483647,2147483647
51674997500184,46,16185,2300,310260,28,-92,-15,2147483647,2147483647,2147483647
51675522084715,46,16185,2300,310260,27,-95,-14,2147483647,2147483647,2147483647
51676327115108,46,16185,2300,310260,28,-93,-15,2147483647,2147483647,2147483647
51678795929052,46,16185,2300,310260,27,-91,-8,2147483647,2147483647,2147483647
51681320277168,46,16185,2300,310260,27,-91,-10,2147483647,2147483647,2147483647
51683489153790,46,16185,2300,310260,27,-91,-9,2147483647,2147483647,2147483647
51683951999461,46,16185,2300,310260,26,-91,-7,2147483647,2147483647,2147483647
51685146695414,46,16185,2300,310260,31,-86,-15,2147483647,2147483647,2147483647
51687262693385,46,16185,2300,310260,30,-87,-11,2147483647,2147483647,2147483647
51689656217998,46,16185,2300,310260,31,-88,-15,2147483647,2147483647,2147483647
51692193476480,46,16185,2300,310260,29,-89,-13,2147483647,2147483647,2147483647
51694694282615,46,16185,2300,310260,28,-93,-13,2147483647,2147483647,2147483647
51697194327239,46,16185,2300,310260,31,-83,-13,2147483647,2147483647,2147483647
51699704550510,46,16185,2300,310260,31,-80,-13,2147483647,2147483647,2147483647
51702255758160,46,16185,2300,310260,31,-85,-15,2147483647,2147483647,2147483647
51704693446267,46,16185,2300,310260,31,-85,-14,2147483647,2147483647,2147483647
51706728771418,46,16185,2300,310260,31,-84,-16,2147483647,2147483647,2147483647
51709226578542,46,16185,2300,310260,28,-93,-16,2147483647,2147483647,2147483647
51709238622085,46,16185,2300,310260,28,-93,-16,2147483647,2147483647,2147483647
51711736569677,46,16185,2300,310260,26,-95,-13,2147483647,2147483647,2147483647
51714247923417,46,16185,2300,310260,26,-91,-10,2147483647,2147483647,2147483647
51714267920346,46,16185,2300,310260,26,-91,-10,2147483647,2147483647,2147483647
51716747195801,46,16185,2300,310260,27,-94,-12,2147483647,2147483647,2147483647
51719238993498,46,16185,2300,310260,29,-92,-16,2147483647,2147483647,2147483647
51721763520259,46,16185,2300,310260,28,-93,-15,2147483647,2147483647,2147483647
51723851033176,46,16185,2300,310260,28,-92,-11,2147483647,2147483647,2147483647
51726248685706,46,16185,2300,310260,29,-92,-15,2147483647,2147483647,2147483647
51728769548718,46,16185,2300,310260,27,-95,-15,2147483647,2147483647,2147483647
51731266398081,46,16185,2300,310260,27,-93,-14,2147483647,2147483647,2147483647
51733751821870,46,16185,2300,310260,30,-89,-15,2147483647,2147483647,2147483647
51735785594156,46,16185,2300,310260,29,-88,-12,2147483647,2147483647,2147483647
51738275666696,46,16185,2300,310260,29,-92,-13,2147483647,2147483647,2147483647
51740367996071,46,16185,2300,310260,30,-88,-13,2147483647,2147483647,2147483647
51742824300274,46,16185,2300,310260,30,-90,-13,2147483647,2147483647,2147483647
51745300622760,46,16185,2300,310260,30,-85,-12,2147483647,2147483647,2147483647
51747827437595,46,16185,2300,310260,30,-86,-13,2147483647,2147483647,2147483647
51750323433261,46,16185,2300,310260,30,-86,-12,2147483647,2147483647,2147483647
51752828001896,46,16185,2300,310260,30,-88,-15,2147483647,2147483647,2147483647
51755329693916,46,16185,2300,310260,31,-83,-12,2147483647,2147483647,2147483647
51757846566927,46,16185,2300,310260,31,-86,-15,2147483647,2147483647,2147483647
51760348731916,46,16185,2300,310260,30,-87,-14,2147483647,2147483647,2147483647
51762860548051,46,16185,2300,310260,30,-87,-13,2147483647,2147483647,2147483647
51765347507882,46,16185,2300,310260,31,-85,-15,2147483647,2147483647,2147483647
51767867372977,46,16185,2300,310260,31,-87,-16,2147483647,2147483647,2147483647
51770373777289,46,16185,2300,310260,31,-84,-16,2147483647,2147483647,2147483647
51772895192124,46,16185,2300,310260,31,-85,-15,2147483647,2147483647,2147483647
51775352957994,46,16185,2300,310260,31,-85,-11,2147483647,2147483647,2147483647
51777892810538,46,16185,2300,310260,31,-83,-15,2147483647,2147483647,2147483647
51780019434084,46,16185,2300,310260,31,-85,-15,2147483647,2147483647,2147483647
51782417314479,46,16185,2300,310260,30,-88,-14,2147483647,2147483647,2147483647
51784903661133,46,16185,2300,310260,31,-87,-14,2147483647,2147483647,2147483647
51787386893515,46,16185,2300,310260,31,-86,-16,2147483647,2147483647,2147483647
51789918833403,46,16185,2300,310260,31,-83,-15,2147483647,2147483647,2147483647
51792473843397,46,16185,2300,310260,29,-90,-13,2147483647,2147483647,2147483647
51794937210518,46,16185,2300,310260,30,-89,-15,2147483647,2147483647,2147483647
51797446862903,46,16185,2300,310260,31,-83,-14,2147483647,2147483647,2147483647
51799958427684,46,16185,2300,310260,31,-83,-14,2147483647,2147483647,2147483647
51802484187207,46,16185,2300,310260,31,-86,-14,2147483647,2147483647,2147483647
51804976088966,46,16185,2300,310260,31,-85,-13,2147483647,2147483647,2147483647
51807448932649,46,16185,2300,310260,31,-81,-16,2147483647,2147483647,2147483647
51809499829781,46,16185,2300,310260,31,-83,-17,2147483647,2147483647,2147483647
51811976294975,46,16185,2300,310260,31,-81,-11,2147483647,2147483647,2147483647
51814502338040,46,16185,2300,310260,31,-83,-16,2147483647,2147483647,2147483647
51816627977210,46,16185,2300,310260,31,-77,-14,2147483647,2147483647,2147483647
51818960011036,46,16185,2300,310260,31,-76,-12,2147483647,2147483647,2147483647
51820997311603,46,16185,2300,310260,31,-79,-15,2147483647,2147483647,2147483647
51823488775133,46,16185,2300,310260,31,-82,-14,2147483647,2147483647,2147483647
51826007614550,46,16185,2300,310260,31,-81,-15,2147483647,2147483647,2147483647
51828530650687,46,16185,2300,310260,31,-84,-10,2147483647,2147483647,2147483647
51831031960155,46,16185,2300,310260,31,-79,-13,2147483647,2147483647,2147483647
51833518661132,46,16185,2300,310260,31,-80,-13,2147483647,2147483647,2147483647
51836051349301,46,16185,2300,310260,31,-78,-15,2147483647,2147483647,2147483647
51838560585176,46,16185,2300,310260,31,-83,-15,2147483647,2147483647,2147483647
51841073387926,46,16185,2300,310260,31,-83,-16,2147483647,2147483647,2147483647
51843562460518,46,16185,2300,310260,31,-84,-15,2147483647,2147483647,2147483647
51846079615717,46,16185,2300,310260,31,-79,-14,2147483647,2147483647,2147483647
51848589914717,46,16185,2300,310260,31,-84,-20,2147483647,2147483647,2147483647
51851100042362,44,16185,675,310260,31,-74,-11,2147483647,2147483647,2147483647
51853587161360,44,16185,675,310260,31,-81,-15,2147483647,2147483647,2147483647
51856124164009,44,16185,675,310260,31,-80,-20,2147483647,2147483647,2147483647
51858577560243,44,16185,675,310260,31,-83,-12,2147483647,2147483647,2147483647
51860757059366,44,16185,675,310260,31,-80,-11,2147483647,2147483647,2147483647
51863113829080,44,16185,675,310260,31,-79,-15,2147483647,2147483647,2147483647
51865643931311,44,16185,675,310260,31,-83,-14,2147483647,2147483647,2147483647
51868116095256,44,16185,675,310260,31,-85,-16,2147483647,2147483647,2147483647
51870651351289,44,16185,675,310260,31,-84,-14,2147483647,2147483647,2147483647
51873133892787,44,16185,675,310260,31,-84,-18,2147483647,2147483647,2147483647
51875657959861,44,16185,675,310260,31,-80,-16,2147483647,2147483647,2147483647
51878195616260,44,16185,675,310260,31,-84,-18,2147483647,2147483647,2147483647
51880680720257,44,16185,675,310260,31,-82,-18,2147483647,2147483647,2147483647
51883149867586,44,16185,675,310260,30,-88,-15,2147483647,2147483647,2147483647
51885676712578,44,16185,675,310260,30,-89,-15,2147483647,2147483647,2147483647
51888193525433,44,16185,675,310260,31,-88,-15,2147483647,2147483647,2147483647
51890690108286,44,16185,675,310260,30,-90,-18,2147483647,2147483647,2147483647
51893192076191,44,16185,675,310260,31,-84,-13,2147483647,2147483647,2147483647
51895695947118,44,16185,675,310260,31,-86,-16,2147483647,2147483647,2147483647
51898236654871,44,16185,675,310260,31,-86,-17,2147483647,2147483647,2147483647
51900683590427,44,16185,675,310260,31,-89,-18,2147483647,2147483647,2147483647
51902751800893,44,16185,675,310260,31,-86,-15,2147483647,2147483647,2147483647
51905227322755,44,16185,675,310260,31,-86,-16,2147483647,2147483647,2147483647
51907744713734,44,16185,675,310260,31,-87,-15,2147483647,2147483647,2147483647
51910211064918,44,16185,675,310260,31,-89,-18,2147483647,2147483647,2147483647
51912743168191,44,16185,675,310260,31,-90,-18,2147483647,2147483647,2147483647
51915215668593,44,16185,675,310260,29,-90,-15,2147483647,2147483647,2147483647
51917763299941,44,16185,675,310260,30,-91,-18,2147483647,2147483647,2147483647
51920299931496,44,16185,675,310260,31,-89,-18,2147483647,2147483647,2147483647
51922749244500,44,16185,675,310260,31,-86,-16,2147483647,2147483647,2147483647
51925241965738,44,16185,675,310260,30,-91,-16,2147483647,2147483647,2147483647
51927779954168,44,16185,675,310260,31,-85,-17,2147483647,2147483647,2147483647
51930256966550,44,16185,675,310260,31,-85,-16,2147483647,2147483647,2147483647
51932771672269,44,16185,675,310260,31,-87,-18,2147483647,2147483647,2147483647
51935259997205,44,16185,675,310260,31,-83,-16,2147483647,2147483647,2147483647
51937807975479,44,16185,675,310260,31,-84,-17,2147483647,2147483647,2147483647
51940270295933,44,16185,675,310260,31,-82,-15,2147483647,2147483647,2147483647
51942765069359,44,16185,675,310260,31,-78,-17,2147483647,2147483647,2147483647
51944811618052,44,16185,675,310260,31,-68,-14,2147483647,2147483647,2147483647
51947268687776,44,16185,675,310260,31,-67,-16,2147483647,2147483647,2147483647
51949833630740,44,16185,675,310260,31,-64,-14,2147483647,2147483647,2147483647
51952302643069,44,16185,675,310260,31,-75,-15,2147483647,2147483647,2147483647
51954808114621,44,16185,675,310260,31,-77,-17,2147483647,2147483647,2147483647
51957314049506,44,16185,675,310260,31,-79,-14,2147483647,2147483647,2147483647
51959815859182,44,16185,675,310260,31,-82,-12,2147483647,2147483647,2147483647
51962307138389,44,16185,675,310260,30,-84,-12,2147483647,2147483647,2147483647
51964830057963,44,16185,675,310260,31,-87,-18,2147483647,2147483647,2147483647
51967316345554,44,16185,675,310260,30,-86,-13,2147483647,2147483647,2147483647
51969847188202,44,16185,675,310260,31,-85,-18,2147483647,2147483647,2147483647
51972329328085,44,16185,675,310260,31,-86,-19,2147483647,2147483647,2147483647
51974472120694,44,16185,675,310260,31,-85,-16,2147483647,2147483647,2147483647
51976853076348,44,16185,675,310260,31,-81,-14,2147483647,2147483647,2147483647
51979365816598,44,16185,675,310260,29,-84,-9,2147483647,2147483647,2147483647
51981877159557,44,16185,675,310260,31,-83,-17,2147483647,2147483647,2147483647
51984356210429,44,16185,675,310260,31,-84,-17,2147483647,2147483647,2147483647
51986593513412,44,16185,675,310260,31,-86,-17,2147483647,2147483647,2147483647
51988896096454,44,16185,675,310260,31,-81,-12,2147483647,2147483647,2147483647
51991389096234,44,16185,675,310260,31,-86,-18,2147483647,2147483647,2147483647
51993648030000,44,16185,675,310260,31,-83,-17,2147483647,2147483647,2147483647
51996157121448,44,16185,675,310260,31,-83,-10,2147483647,2147483647,2147483647
51998670911855,44,16185,675,310260,31,-85,-17,2147483647,2147483647,2147483647
52001175173615,44,16185,675,310260,31,-84,-16,2147483647,2147483647,2147483647
52002787035650,44,16185,675,310260,31,-85,-19,2147483647,2147483647,2147483647
52003452594571,44,16185,675,310260,31,-81,-17,2147483647,2147483647,2147483647
52004119137710,44,16185,675,310260,31,-79,-15,2147483647,2147483647,2147483647
52004805501581,44,16185,675,310260,31,-79,-14,2147483647,2147483647,2147483647
52005170235836,44,16185,675,310260,31,-77,-16,2147483647,2147483647,2147483647
52005181944066,44,16185,675,310260,31,-77,-16,2147483647,2147483647,2147483647
52006003869617,44,16185,675,310260,31,-75,-16,2147483647,2147483647,2147483647
52008172789729,44,16185,675,310260,31,-71,-14,2147483647,2147483647,2147483647
52010722020451,44,16185,675,310260,31,-73,-17,2147483647,2147483647,2147483647
52013210599345,44,16185,675,310260,31,-75,-12,2147483647,2147483647,2147483647
52015731909336,44,16185,675,310260,31,-69,-16,2147483647,2147483647,2147483647
52017941746691,44,16185,675,310260,31,-68,-16,2147483647,2147483647,2147483647
52020258696037,44,16185,675,310260,31,-72,-13,2147483647,2147483647,2147483647
52022394063020,44,16185,675,310260,31,-72,-17,2147483647,2147483647,2147483647
52024758113100,44,16185,675,310260,31,-71,-18,2147483647,2147483647,2147483647
52027267141006,44,16185,675,310260,31,-70,-13,2147483647,2147483647,2147483647
52029548129879,44,16185,675,310260,31,-75,-15,2147483647,2147483647,2147483647
52030807560421,44,16185,675,310260,31,-70,-7,2147483647,2147483647,2147483647
52031520813721,44,16185,675,310260,31,-81,-14,2147483647,2147483647,2147483647
52033681426228,44,16185,675,310260,31,-79,-16,2147483647,2147483647,2147483647
52036461618953,44,16185,675,310260,31,-74,-14,2147483647,2147483647,2147483647
52038789096841,44,16185,2300,310260,31,-73,-15,2147483647,2147483647,2147483647
52039085141454,44,16185,2300,310260,31,-71,-15,2147483647,2147483647,2147483647
52039897217629,44,16185,2300,310260,31,-82,-14,2147483647,2147483647,2147483647
52040397624345,44,16185,2300,310260,31,-88,-18,2147483647,2147483647,2147483647
52042888279489,44,16185,2300,310260,31,-87,-17,2147483647,2147483647,2147483647
52045414162501,434,16185,675,310260,31,-77,-14,2147483647,2147483647,2147483647
52047697791479,44,16185,2300,310260,31,-89,-17,2147483647,2147483647,2147483647
52049885430759,44,16185,2300,310260,31,-86,-17,2147483647,2147483647,2147483647
52050260476630,44,16185,2300,310260,31,-89,-20,2147483647,2147483647,2147483647
52051080096295,434,16185,2300,310260,31,-83,-12,2147483647,2147483647,2147483647
52051683242344,434,16185,2300,310260,31,-78,-9,2147483647,2147483647,2147483647
52054086534511,434,16185,2300,310260,31,-76,-12,2147483647,2147483647,2147483647
52056590964448,434,16185,2300,310260,31,-75,-16,2147483647,2147483647,2147483647
52058081703138,44,16185,2300,310260,31,-70,-15,2147483647,2147483647,2147483647
52059513893176,44,16185,2300,310260,31,-68,-17,2147483647,2147483647,2147483647
52060320810288,44,16185,2300,310260,31,-63,-16,2147483647,2147483647,2147483647
52061981715558,44,16185,2300,310260,31,-65,-13,2147483647,2147483647,2147483647
52064177014579,44,16185,2300,310260,31,-65,-10,2147483647,2147483647,2147483647
52066686027433,44,16185,2300,310260,31,-62,-15,2147483647,2147483647,2147483647
52069222342373,44,16185,2300,310260,31,-64,-17,2147483647,2147483647,2147483647
52071735241113,44,16185,2300,310260,31,-67,-17,2147483647,2147483647,2147483647
52074239583237,44,16185,2300,310260,31,-67,-13,2147483647,2147483647,2147483647
52076072200763,44,16185,2300,310260,31,-69,-13,2147483647,2147483647,2147483647
52076635078215,44,16185,2300,310260,31,-65,-10,2147483647,2147483647,2147483647
52077059782633,44,16185,2300,310260,31,-60,-15,2147483647,2147483647,2147483647
52077728243533,44,16185,2300,310260,31,-76,-16,2147483647,2147483647,2147483647
52078111222425,44,16185,2300,310260,31,-77,-15,2147483647,2147483647,2147483647
52078476482774,44,16185,2300,310260,31,-77,-15,2147483647,2147483647,2147483647
52079835281972,44,16185,2300,310260,31,-77,-16,2147483647,2147483647,2147483647
52082360552275,44,16185,2300,310260,31,-75,-15,2147483647,2147483647,2147483647
52084918029822,44,16185,2300,310260,31,-71,-16,2147483647,2147483647,2147483647
52086942169711,44,16185,2300,310260,31,-74,-15,2147483647,2147483647,2147483647
52088684941499,434,16185,2300,310260,31,-73,-11,2147483647,2147483647,2147483647
52088735549733,434,16185,2300,310260,31,-73,-11,2147483647,2147483647,2147483647
52091217369876,434,16185,2300,310260,31,-71,-18,2147483647,2147483647,2147483647
52093871923058,434,16185,2300,310260,31,-73,-14,2147483647,2147483647,2147483647
52096076494579,434,16185,2300,310260,31,-72,-12,2147483647,2147483647,2147483647
52098150360098,434,16185,2300,310260,31,-72,-16,2147483647,2147483647,2147483647
52100655612535,434,16185,2300,310260,31,-76,-14,2147483647,2147483647,2147483647
52103150420128,434,16185,2300,310260,31,-69,-10,2147483647,2147483647,2147483647
52105669850066,434,16185,2300,310260,31,-75,-14,2147483647,2147483647,2147483647
52106740722881,434,16185,2300,310260,31,-73,-16,2147483647,2147483647,2147483647
52107123501773,434,16185,2300,310260,31,-70,-14,2147483647,2147483647,2147483647
52107458011026,434,16185,2300,310260,31,-70,-10,2147483647,2147483647,2147483647
52109830815116,434,16185,2300,310260,31,-73,-9,2147483647,2147483647,2147483647
52112337286980,434,16185,2300,310260,31,-68,-11,2147483647,2147483647,2147483647
52113477743240,434,16185,2300,310260,31,-74,-14,2147483647,2147483647,2147483647
52115181681482,434,16185,2300,310260,31,-71,-10,2147483647,2147483647,2147483647
52117241329761,434,16185,2300,310260,31,-66,-13,2147483647,2147483647,2147483647
52119295349861,434,16185,2300,310260,31,-68,-11,2147483647,2147483647,2147483647
52121713579164,434,16185,2300,310260,31,-71,-14,2147483647,2147483647,2147483647
52124220087747,434,16185,2300,310260,31,-75,-9,2147483647,2147483647,2147483647
52126718988413,434,16185,2300,310260,31,-73,-10,2147483647,2147483647,2147483647
52128785665963,434,16185,2300,310260,31,-76,-15,2147483647,2147483647,2147483647
52131147095052,434,16185,2300,310260,31,-72,-11,2147483647,2147483647,2147483647
52133305241621,434,16185,2300,310260,31,-70,-12,2147483647,2147483647,2147483647
52135816791038,434,16185,2300,310260,31,-74,-15,2147483647,2147483647,2147483647
52138218330548,434,16185,2300,310260,31,-71,-14,2147483647,2147483647,2147483647
52138563624905,434,16185,2300,310260,31,-78,-15,2147483647,2147483647,2147483647
52140705710171,434,16185,2300,310260,31,-75,-15,2147483647,2147483647,2147483647
52142830361216,434,16185,2300,310260,31,-79,-13,2147483647,2147483647,2147483647
52145118253579,434,16185,2300,310260,31,-77,-15,2147483647,2147483647,2147483647
52145134546237,434,16185,2300,310260,31,-77,-15,2147483647,2147483647,2147483647
52147440608134,434,16185,2300,310260,31,-76,-14,2147483647,2147483647,2147483647
52147787914054,434,16185,2300,310260,31,-77,-15,2147483647,2147483647,2147483647
52149056732774,434,16185,2300,310260,31,-78,-9,2147483647,2147483647,2147483647
52150251097424,434,16185,2300,310260,31,-76,-10,2147483647,2147483647,2147483647
52151145575169,434,16185,2300,310260,31,-80,-15,2147483647,2147483647,2147483647
52153644425783,434,16185,2300,310260,31,-78,-15,2147483647,2147483647,2147483647
52156159302023,434,16185,2300,310260,31,-76,-9,2147483647,2147483647,2147483647
52158661050137,434,16185,2300,310260,31,-73,-11,2147483647,2147483647,2147483647
52160411874530,434,16185,2300,310260,31,-76,-11,2147483647,2147483647,2147483647
52161198448671,434,16185,2300,310260,31,-77,-9,2147483647,2147483647,2147483647
52162024067503,434,16185,2300,310260,31,-71,-11,2147483647,2147483647,2147483647
52162049662818,434,16185,2300,310260,31,-71,-11,2147483647,2147483647,2147483647
52164532629367,434,16185,2300,310260,31,-71,-10,2147483647,2147483647,2147483647
52167060797849,434,16185,2300,310260,31,-74,-9,2147483647,2147483647,2147483647
52169288499268,434,16185,2300,310260,31,-77,-15,2147483647,2147483647,2147483647
52171351321245,434,16185,2300,310260,31,-79,-14,2147483647,2147483647,2147483647
52173846268941,434,16185,2300,310260,31,-76,-11,2147483647,2147483647,2147483647
52176366461640,434,16185,2300,310260,31,-77,-10,2147483647,2147483647,2147483647
52178756237972,434,16185,2300,310260,31,-79,-11,2147483647,2147483647,2147483647
52180980923610,434,16185,2300,310260,31,-78,-9,2147483647,2147483647,2147483647
52181580420337,434,16185,2300,310260,31,-70,-10,2147483647,2147483647,2147483647
52181595841796,434,16185,2300,310260,31,-70,-10,2147483647,2147483647,2147483647
52184104412255,434,16185,2300,310260,31,-70,-7,2147483647,2147483647,2147483647
52186607615942,434,16185,2300,310260,31,-76,-9,2147483647,2147483647,2147483647
52188702185838,434,16185,2300,310260,31,-75,-8,2147483647,2147483647,2147483647
52190969051376,434,16185,2300,310260,31,-79,-10,2147483647,2147483647,2147483647
52193467096937,434,16185,2300,310260,31,-79,-13,2147483647,2147483647,2147483647
52195959293488,434,16185,2300,310260,31,-78,-9,2147483647,2147483647,2147483647
52198469960405,434,16185,2300,310260,31,-77,-10,2147483647,2147483647,2147483647
52200975497321,434,16185,2300,310260,31,-72,-8,2147483647,2147483647,2147483647
52203483996998,434,16185,2300,310260,31,-73,-13,2147483647,2147483647,2147483647
52205985449434,434,16185,2300,310260,31,-75,-15,2147483647,2147483647,2147483647
52208487582392,434,16185,2300,310260,31,-72,-10,2147483647,2147483647,2147483647
52210977334203,434,16185,2300,310260,31,-70,-8,2147483647,2147483647,2147483647
52213495218464,434,16185,2300,310260,31,-76,-9,2147483647,2147483647,2147483647
52215483703818,434,16185,2300,310260,31,-73,-9,2147483647,2147483647,2147483647
52217758272951,434,16185,2300,310260,31,-76,-10,2147483647,2147483647,2147483647
52220017101249,434,16185,2300,310260,31,-78,-9,2147483647,2147483647,2147483647
52222519603686,434,16185,2300,310260,31,-75,-11,2147483647,2147483647,2147483647
52224760163544,434,16185,2300,310260,31,-75,-12,2147483647,2147483647,2147483647
52227290440099,434,16185,2300,310260,31,-75,-11,2147483647,2147483647,2147483647
52229038763398,434,16185,2300,310260,31,-73,-14,2147483647,2147483647,2147483647
52229085718402,434,16185,2300,310260,31,-73,-14,2147483647,2147483647,2147483647
52231007206719,434,16185,2300,310260,31,-79,-11,2147483647,2147483647,2147483647
52231392188320,434,16185,2300,310260,31,-82,-14,2147483647,2147483647,2147483647
52231909272382,434,16185,2300,310260,31,-82,-15,2147483647,2147483647,2147483647
52234408794662,434,16185,2300,310260,31,-83,-17,2147483647,2147483647,2147483647
52235955221014,328,16185,2300,310260,31,-76,-12,2147483647,2147483647,2147483647
52236346855636,328,16185,2300,310260,31,-83,-16,2147483647,2147483647,2147483647
52237339114433,328,16185,2300,310260,31,-87,-16,2147483647,2147483647,2147483647
52237636697171,328,16185,2300,310260,31,-81,-16,2147483647,2147483647,2147483647
52238809516819,328,16185,2300,310260,31,-81,-19,2147483647,2147483647,2147483647
52240679221536,432,16185,2300,310260,31,-74,-11,2147483647,2147483647,2147483647
52242937234991,432,16185,2300,310260,31,-83,-16,2147483647,2147483647,2147483647
52245439686698,432,16185,2300,310260,31,-85,-16,2147483647,2147483647,2147483647
52247945480333,432,16185,2300,310260,31,-83,-18,2147483647,2147483647,2147483647
52250455835323,328,16185,675,310260,31,-72,-10,2147483647,2147483647,2147483647
52252960449322,432,16185,2300,310260,31,-81,-15,2147483647,2147483647,2147483647
52255580634740,432,16185,2300,310260,31,-83,-16,2147483647,2147483647,2147483647
52257340032467,432,16185,675,310260,31,-81,-16,2147483647,2147483647,2147483647
52259874317355,432,16185,675,310260,31,-79,-16,2147483647,2147483647,2147483647
52262367290468,432,16185,675,310260,31,-78,-16,2147483647,2147483647,2147483647
52264892086396,432,16185,675,310260,31,-78,-14,2147483647,2147483647,2147483647
52266546455728,432,16185,675,310260,31,-80,-17,2147483647,2147483647,2147483647
52268581090045,432,16185,675,310260,31,-79,-15,2147483647,2147483647,2147483647
52271090435295,432,16185,675,310260,31,-75,-11,2147483647,2147483647,2147483647
52273649910915,432,16185,675,310260,31,-76,-10,2147483647,2147483647,2147483647
52276149177674,432,16185,675,310260,31,-75,-16,2147483647,2147483647,2147483647
52277476887650,432,16185,675,310260,31,-80,-17,2147483647,2147483647,2147483647
52278629102817,432,16185,675,310260,31,-78,-12,2147483647,2147483647,2147483647
52279809429862,432,16185,675,310260,31,-77,-16,2147483647,2147483647,2147483647
52280155500469,432,16185,675,310260,31,-78,-15,2147483647,2147483647,2147483647
52281324223606,432,16185,675,310260,31,-77,-16,2147483647,2147483647,2147483647
52283823751616,432,16185,675,310260,31,-76,-16,2147483647,2147483647,2147483647
52286340338585,432,16185,675,310260,31,-79,-14,2147483647,2147483647,2147483647
52288658661524,432,16185,675,310260,31,-74,-15,2147483647,2147483647,2147483647
52290843432263,432,16185,675,310260,31,-75,-11,2147483647,2147483647,2147483647
52293368946004,432,16185,675,310260,31,-76,-13,2147483647,2147483647,2147483647
52295862290888,432,16185,675,310260,31,-76,-14,2147483647,2147483647,2147483647
52298361565095,432,16185,675,310260,31,-76,-16,2147483647,2147483647,2147483647
52300492738328,432,16185,675,310260,31,-78,-18,2147483647,2147483647,2147483647
52301604957397,370,16185,675,310260,31,-81,-14,2147483647,2147483647,2147483647
52302315776218,370,16185,2300,310260,31,-79,-14,2147483647,2147483647,2147483647
52302721857405,370,16185,2300,310260,31,-78,-13,2147483647,2147483647,2147483647
52303468856281,370,16185,2300,310260,31,-77,-9,2147483647,2147483647,2147483647
52304659891868,370,16185,2300,310260,31,-81,-17,2147483647,2147483647,2147483647
52305368702043,370,16185,2300,310260,31,-80,-14,2147483647,2147483647,2147483647
52305889360793,370,16185,2300,310260,31,-84,-15,2147483647,2147483647,2147483647
52306873123860,370,16185,2300,310260,31,-81,-14,2147483647,2147483647,2147483647
52307688337587,370,16185,2300,310260,31,-83,-15,2147483647,2147483647,2147483647
52309718058831,370,16185,2300,310260,31,-79,-12,2147483647,2147483647,2147483647
52312228505435,370,16185,2300,310260,31,-78,-14,2147483647,2147483647,2147483647
52314996111440,370,16185,2300,310260,31,-75,-11,2147483647,2147483647,2147483647
52315373986738,370,16185,2300,310260,31,-78,-12,2147483647,2147483647,2147483647
52317480187260,370,16185,2300,310260,31,-78,-9,2147483647,2147483647,2147483647
52318000033302,370,16185,2300,310260,31,-77,-14,2147483647,2147483647,2147483647
52320040669599,370,16185,2300,310260,31,-83,-13,2147483647,2147483647,2147483647
52320947893387,370,16185,2300,310260,31,-80,-13,2147483647,2147483647,2147483647
52323409234830,370,16185,2300,310260,31,-82,-15,2147483647,2147483647,2147483647
52325914354038,370,16185,2300,310260,31,-79,-10,2147483647,2147483647,2147483647
52328469312886,370,16185,2300,310260,31,-82,-16,2147483647,2147483647,2147483647
52330926977298,370,16185,2300,310260,31,-82,-15,2147483647,2147483647,2147483647
52333415912181,370,16185,2300,310260,31,-79,-14,2147483647,2147483647,2147483647
52335958560872,370,16185,2300,310260,31,-78,-11,2147483647,2147483647,2147483647
52338455137318,370,16185,2300,310260,31,-79,-11,2147483647,2147483647,2147483647
52339868525116,370,16185,2300,310260,31,-83,-10,2147483647,2147483647,2147483647
52340571980863,370,16185,2300,310260,31,-80,-12,2147483647,2147483647,2147483647
52342972185008,370,16185,2300,310260,31,-82,-12,2147483647,2147483647,2147483647
52345132191213,370,16185,2300,310260,31,-79,-11,2147483647,2147483647,2147483647
52347485858687,370,16185,2300,310260,31,-78,-13,2147483647,2147483647,2147483647
52349669335050,370,16185,2300,310260,31,-82,-11,2147483647,2147483647,2147483647
52352001096585,370,16185,2300,310260,31,-80,-15,2147483647,2147483647,2147483647
52354499559438,370,16185,2300,310260,31,-79,-13,2147483647,2147483647,2147483647
52356983327602,370,16185,2300,310260,31,-81,-10,2147483647,2147483647,2147483647
52359526080147,370,16185,2300,310260,31,-80,-11,2147483647,2147483647,2147483647
52362004580967,370,16185,2300,310260,31,-80,-12,2147483647,2147483647,2147483647
52364519318457,370,16185,2300,310260,31,-84,-11,2147483647,2147483647,2147483647
52367019860268,370,16185,2300,310260,31,-78,-10,2147483647,2147483647,2147483647
52369523651195,370,16185,2300,310260,31,-79,-14,2147483647,2147483647,2147483647
52372028675507,370,16185,2300,310260,31,-79,-11,2147483647,2147483647,2147483647
52374521787057,370,16185,2300,310260,31,-79,-10,2147483647,2147483647,2147483647
52377039315485,370,16185,2300,310260,31,-81,-14,2147483647,2147483647,2147483647
52379110051889,370,16185,2300,310260,31,-84,-15,2147483647,2147483647,2147483647
52380080983913,370,16185,2300,310260,27,-93,-13,2147483647,2147483647,2147483647
52380578955525,370,16185,2300,310260,26,-94,-12,2147483647,2147483647,2147483647
52381295291065,370,16185,2300,310260,25,-97,-13,2147483647,2147483647,2147483647
52383789352355,370,16185,2300,310260,22,-98,-8,2147483647,2147483647,2147483647
52386302935835,370,16185,2300,310260,25,-96,-10,2147483647,2147483647,2147483647
52386346542298,370,16185,2300,310260,25,-96,-10,2147483647,2147483647,2147483647
52388019428766,370,16185,2300,310260,25,-98,-13,2147483647,2147483647,2147483647
52389324221292,369,16185,675,310260,16,-113,-10,2147483647,2147483647,2147483647
52391371195819,369,16185,675,310260,16,-118,-17,2147483647,2147483647,2147483647
52393883654194,369,16185,675,310260,21,-112,-20,2147483647,2147483647,2147483647
52396010671021,370,16185,675,310260,24,-101,-14,2147483647,2147483647,2147483647
52398527286115,370,16185,2300,310260,24,-100,-15,2147483647,2147483647,2147483647
52401028370792,370,16185,2300,310260,26,-95,-12,2147483647,2147483647,2147483647
52401057506576,370,16185,2300,310260,26,-95,-12,2147483647,2147483647,2147483647
52401952746404,370,16185,2300,310260,28,-89,-10,2147483647,2147483647,2147483647
52403958749156,370,16185,2300,310260,29,-90,-14,2147483647,2147483647,2147483647
52406153436146,370,16185,2300,310260,26,-97,-15,2147483647,2147483647,2147483647
52408596155087,370,16185,2300,310260,24,-100,-13,2147483647,2147483647,2147483647
52411110661327,370,16185,2300,310260,21,-109,-17,2147483647,2147483647,2147483647
52413591631418,370,16185,2300,310260,20,-107,-12,2147483647,2147483647,2147483647
52414201986635,370,16185,2300,310260,19,-111,-15,2147483647,2147483647,2147483647
52416229138712,370,16185,2300,310260,19,-108,-11,2147483647,2147483647,2147483647
52418520002951,370,16185,2300,310260,18,-110,-12,2147483647,2147483647,2147483647
52420858181204,370,16185,2300,310260,20,-109,-15,2147483647,2147483647,2147483647
52422134666332,370,16185,2300,310260,19,-109,-10,2147483647,2147483647,2147483647
52424230846905,370,16185,2300,310260,18,-112,-13,2147483647,2147483647,2147483647
52426744683405,370,16185,2300,310260,20,-106,-11,2147483647,2147483647,2147483647
52429125709945,370,16185,2300,310260,19,-104,-9,2147483647,2147483647,2147483647
52430107175876,370,16185,2300,310260,20,-106,-10,2147483647,2147483647,2147483647
52432629562325,370,16185,2300,310260,21,-104,-12,2147483647,2147483647,2147483647
52434439944120,370,16185,2300,310260,24,-101,-14,2147483647,2147483647,2147483647
52436928861607,370,16185,2300,310260,21,-104,-11,2147483647,2147483647,2147483647
52438644375997,370,16185,2300,310260,20,-106,-12,2147483647,2147483647,2147483647
52439085236666,370,16185,2300,310260,20,-108,-13,2147483647,2147483647,2147483647
52439584482757,370,16185,2300,310260,22,-101,-10,2147483647,2147483647,2147483647
52440299088714,370,16185,2300,310260,20,-107,-14,2147483647,2147483647,2147483647
52442077561756,370,16185,2300,310260,20,-103,-10,2147483647,2147483647,2147483647
52444230627699,370,16185,2300,310260,22,-107,-16,2147483647,2147483647,2147483647
52446507547926,370,16185,2300,310260,21,-101,-9,2147483647,2147483647,2147483647
52447624631996,370,16185,2300,310260,20,-104,-9,2147483647,2147483647,2147483647
52449391788266,370,16185,2300,310260,21,-106,-13,2147483647,2147483647,2147483647
52450669201778,370,16185,2300,310260,19,-109,-13,2147483647,2147483647,2147483647
52452321664235,370,16185,2300,310260,21,-107,-15,2147483647,2147483647,2147483647
52454431162257,370,16185,2300,310260,19,-112,-16,2147483647,2147483647,2147483647
52457000656576,370,16185,2300,310260,20,-110,-16,2147483647,2147483647,2147483647
52459183632314,370,16185,2300,310260,22,-105,-15,2147483647,2147483647,2147483647
52461226421945,370,16185,2300,310260,19,-108,-12,2147483647,2147483647,2147483647
52463360017261,370,16185,2300,310260,22,-105,-15,2147483647,2147483647,2147483647
52465726431507,370,16185,2300,310260,22,-103,-12,2147483647,2147483647,2147483647
52467888467765,370,16185,2300,310260,20,-106,-11,2147483647,2147483647,2147483647
52470169993929,370,16185,2300,310260,23,-99,-11,2147483647,2147483647,2147483647
52472341336125,370,16185,2300,310260,24,-97,-11,2147483647,2147483647,2147483647
