mTimeStamp, mPci, mTac, mEarfcn, mMcc+mMnc, ss, rsrp, rsrq, rssnr, cqi, ta
38477116662405,370,16185,2300,310260,24,-100,-15,2147483647,2147483647,2147483647
38479219446365,370,16185,2300,310260,23,-102,-14,2147483647,2147483647,2147483647
38481673349578,370,16185,2300,310260,27,-97,-13,2147483647,2147483647,2147483647
38484213636706,370,16185,2300,310260,23,-101,-14,2147483647,2147483647,2147483647
38486673351014,370,16185,2300,310260,26,-97,-14,2147483647,2147483647,2147483647
38489214512100,370,16185,2300,310260,24,-99,-14,2147483647,2147483647,2147483647
38491670929897,370,16185,2300,310260,21,-102,-10,2147483647,2147483647,2147483647
38494214367182,370,16185,2300,310260,21,-104,-12,2147483647,2147483647,2147483647
38497217980137,370,16185,2300,310260,15,-122,-17,2147483647,2147483647,2147483647
38499667401839,370,16185,2300,310260,15,-121,-17,2147483647,2147483647,2147483647
38501729793191,370,16185,2300,310260,17,-118,-17,2147483647,2147483647,2147483647
38504232069950,370,16185,2300,310260,14,-122,-15,2147483647,2147483647,2147483647
38506669919412,370,16185,2300,310260,13,-125,-16,2147483647,2147483647,2147483647
38509221832375,370,16185,675,310260,12,-121,-13,2147483647,2147483647,2147483647
38511710737935,370,16185,675,310260,12,-120,-11,2147483647,2147483647,2147483647
38514230002092,370,16185,675,310260,13,-122,-15,2147483647,2147483647,2147483647
38516809799068,370,16185,675,310260,15,-117,-14,2147483647,2147483647,2147483647
38519234204674,370,16185,2300,310260,23,-100,-13,2147483647,2147483647,2147483647
38521696732992,370,16185,2300,310260,25,-99,-14,2147483647,2147483647,2147483647
38524234340901,370,16185,2300,310260,24,-98,-12,2147483647,2147483647,2147483647
38526922012263,370,16185,2300,310260,27,-95,-15,2147483647,2147483647,2147483647
38529234945306,370,16185,2300,310260,31,-83,-11,2147483647,2147483647,2147483647
38532000649488,370,16185,2300,310260,31,-84,-14,2147483647,2147483647,2147483647
38534116650375,370,16185,2300,310260,31,-81,-8,2147483647,2147483647,2147483647
38536240393347,370,16185,2300,310260,31,-78,-13,2147483647,2147483647,2147483647
38538395289239,370,16185,2300,310260,31,-73,-11,2147483647,2147483647,2147483647
38539585181233,370,16185,2300,310260,31,-69,-12,2147483647,2147483647,2147483647
38540518107471,370,16185,2300,310260,31,-78,-8,2147483647,2147483647,2147483647
38541601043986,370,16185,2300,310260,31,-77,-12,2147483647,2147483647,2147483647
38544510282452,370,16185,2300,310260,31,-77,-11,2147483647,2147483647,2147483647
38546791354763,370,16185,2300,310260,31,-80,-14,2147483647,2147483647,2147483647
38547540121661,370,16185,2300,310260,31,-78,-12,2147483647,2147483647,2147483647
38549907282782,370,16185,2300,310260,30,-81,-8,2147483647,2147483647,2147483647
38552090640395,370,16185,2300,310260,31,-86,-15,2147483647,2147483647,2147483647
38553376862867,370,16185,2300,310260,31,-85,-12,2147483647,2147483647,2147483647
38554323795409,370,16185,2300,310260,31,-84,-12,2147483647,2147483647,2147483647
38554693009404,370,16185,2300,310260,31,-85,-12,2147483647,2147483647,2147483647
38556571297352,370,16185,2300,310260,31,-79,-12,2147483647,2147483647,2147483647
38559532630616,370,16185,2300,310260,31,-80,-13,2147483647,2147483647,2147483647
38561949819659,370,16185,2300,310260,31,-81,-15,2147483647,2147483647,2147483647
38563995797935,370,16185,2300,310260,31,-79,-10,2147483647,2147483647,2147483647
38566062722985,370,16185,2300,310260,31,-79,-13,2147483647,2147483647,2147483647
38568536930783,370,16185,2300,310260,31,-79,-11,2147483647,2147483647,2147483647
38570946758680,370,16185,2300,310260,31,-79,-12,2147483647,2147483647,2147483647
38573538328053,370,16185,2300,310260,31,-80,-13,2147483647,2147483647,2147483647
38575565390598,370,16185,2300,310260,31,-78,-11,2147483647,2147483647,2147483647
38577985430162,370,16185,2300,310260,31,-81,-13,2147483647,2147483647,2147483647
38580563621773,370,16185,2300,310260,31,-80,-14,2147483647,2147483647,2147483647
38582983377587,370,16185,2300,310260,31,-79,-12,2147483647,2147483647,2147483647
38585541237165,370,16185,2300,310260,31,-77,-12,2147483647,2147483647,2147483647
38587944223186,370,16185,2300,310260,31,-78,-13,2147483647,2147483647,2147483647
38590546461622,370,16185,2300,310260,31,-78,-13,2147483647,2147483647,2147483647
38592945918528,370,16185,2300,310260,31,-78,-13,2147483647,2147483647,2147483647
38595550055454,370,16185,2300,310260,31,-79,-12,2147483647,2147483647,2147483647
38597939456473,370,16185,2300,310260,31,-79,-12,2147483647,2147483647,2147483647
38600552165327,370,16185,2300,310260,31,-80,-11,2147483647,2147483647,2147483647
38602689791634,370,16185,2300,310260,31,-78,-13,2147483647,2147483647,2147483647
38605581883953,370,16185,2300,310260,31,-84,-13,2147483647,2147483647,2147483647
38608255481615,370,16185,2300,310260,31,-78,-13,2147483647,2147483647,2147483647
38610554092990,370,16185,2300,310260,31,-81,-9,2147483647,2147483647,2147483647
38612946423541,370,16185,2300,310260,31,-81,-14,2147483647,2147483647,2147483647
38615578501980,370,16185,2300,310260,31,-81,-12,2147483647,2147483647,2147483647
38617997596179,370,16185,2300,310260,31,-81,-14,2147483647,2147483647,2147483647
38620577200916,370,16185,2300,310260,31,-82,-14,2147483647,2147483647,2147483647
38623311948844,370,16185,2300,310260,31,-83,-15,2147483647,2147483647,2147483647
38624176125493,370,16185,2300,310260,31,-81,-9,2147483647,2147483647,2147483647
38626664627824,370,16185,2300,310260,30,-81,-8,2147483647,2147483647,2147483647
38629677947239,370,16185,2300,310260,30,-82,-8,2147483647,2147483647,2147483647
38631627767173,370,16185,2300,310260,31,-79,-14,2147483647,2147483647,2147483647
38631937430849,370,16185,2300,310260,29,-86,-11,2147483647,2147483647,2147483647
38633687442013,370,16185,2300,310260,31,-84,-13,2147483647,2147483647,2147483647
38636018625579,370,16185,2300,310260,31,-83,-13,2147483647,2147483647,2147483647
38639144193963,370,16185,2300,310260,31,-84,-12,2147483647,2147483647,2147483647
38639648536149,370,16185,2300,310260,31,-84,-11,2147483647,2147483647,2147483647
38641683407966,370,16185,2300,310260,30,-88,-15,2147483647,2147483647,2147483647
38644371761151,370,16185,2300,310260,30,-86,-13,2147483647,2147483647,2147483647
38646310809521,370,16185,2300,310260,31,-82,-15,2147483647,2147483647,2147483647
38647207010287,370,16185,2300,310260,31,-80,-8,2147483647,2147483647,2147483647
38649791448982,370,16185,2300,310260,30,-83,-8,2147483647,2147483647,2147483647
38649808857421,370,16185,2300,310260,30,-83,-8,2147483647,2147483647,2147483647
38651774642773,370,16185,2300,310260,31,-90,-15,2147483647,2147483647,2147483647
38654852465215,370,16185,2300,310260,30,-87,-11,2147483647,2147483647,2147483647
38656789072856,432,16185,2300,310260,28,-90,-11,2147483647,2147483647,2147483647
38657156247997,434,16185,2300,310260,30,-86,-12,2147483647,2147483647,2147483647
38658942503123,434,16185,2300,310260,30,-86,-12,2147483647,2147483647,2147483647
38659303666544,434,16185,2300,310260,31,-86,-17,2147483647,2147483647,2147483647
38660093149956,434,16185,2300,310260,31,-80,-9,2147483647,2147483647,2147483647
38663229133498,434,16185,2300,310260,31,-88,-18,2147483647,2147483647,2147483647
38664024902900,44,16185,2300,310260,31,-94,-20,2147483647,2147483647,2147483647
38665303714642,434,16185,2300,310260,31,-93,-20,2147483647,2147483647,2147483647
38666580100186,44,16185,2300,310260,31,-84,-11,2147483647,2147483647,2147483647
38666951007202,44,16185,2300,310260,31,-82,-16,2147483647,2147483647,2147483647
38668763129518,44,16185,2300,310260,31,-82,-17,2147483647,2147483647,2147483647
38669134075284,44,16185,2300,310260,31,-80,-9,2147483647,2147483647,2147483647
38670877827124,44,16185,2300,310260,31,-84,-11,2147483647,2147483647,2147483647
38671748363617,44,16185,2300,310260,29,-83,-8,2147483647,2147483647,2147483647
38672783812991,44,16185,2300,310260,28,-94,-12,2147483647,2147483647,2147483647
38673561238017,44,16185,2300,310260,29,-92,-15,2147483647,2147483647,2147483647
38676210964479,44,16185,2300,310260,25,-100,-15,2147483647,2147483647,2147483647
38677024596383,44,16185,2300,310260,22,-106,-15,2147483647,2147483647,2147483647
38678225488846,44,16185,2300,310260,21,-105,-14,2147483647,2147483647,2147483647
38678588440445,46,16185,675,310260,20,-109,-16,2147483647,2147483647,2147483647
38680363018955,46,16185,675,310260,22,-110,-20,2147483647,2147483647,2147483647
38680370836716,46,16185,675,310260,22,-110,-20,2147483647,2147483647,2147483647
38683397499517,46,16185,675,310260,20,-110,-17,2147483647,2147483647,2147483647
38685455679202,46,16185,675,310260,20,-110,-17,2147483647,2147483647,2147483647
38687301685844,46,16185,675,310260,21,-110,-18,2147483647,2147483647,2147483647
38689762300204,46,16185,675,310260,21,-110,-18,2147483647,2147483647,2147483647
38691175063990,46,16185,2300,310260,22,-107,-17,2147483647,2147483647,2147483647
38691631502317,46,16185,2300,310260,22,-105,-16,2147483647,2147483647,2147483647
38694243903306,46,16185,2300,310260,22,-107,-16,2147483647,2147483647,2147483647
38696410386283,46,16185,2300,310260,21,-106,-15,2147483647,2147483647,2147483647
38697580881972,46,16185,2300,310260,21,-105,-14,2147483647,2147483647,2147483647
38697936772476,46,16185,2300,310260,22,-106,-15,2147483647,2147483647,2147483647
38698692983229,46,16185,2300,310260,22,-106,-16,2147483647,2147483647,2147483647
38701282024268,46,16185,2300,310260,22,-107,-16,2147483647,2147483647,2147483647
38702659994613,46,16185,2300,310260,23,-104,-14,2147483647,2147483647,2147483647
38703026931056,46,16185,2300,310260,22,-109,-16,2147483647,2147483647,2147483647
38703941280106,473,16185,2300,310260,30,-79,-6,2147483647,2147483647,2147483647
38705594590843,473,16185,2300,310260,26,-90,-8,2147483647,2147483647,2147483647
38706993284368,495,16185,2300,310260,31,-58,-6,2147483647,2147483647,2147483647
38709078870357,495,16185,2300,310260,31,-62,-6,2147483647,2147483647,2147483647
38711193555464,495,16185,2300,310260,31,-67,-6,2147483647,2147483647,2147483647
38712037437475,495,16185,2300,310260,31,-70,-6,2147483647,2147483647,2147483647
38713327101978,496,16185,2300,310260,31,-71,-6,2147483647,2147483647,2147483647
38714130041017,496,16185,2300,310260,25,-90,-6,2147483647,2147483647,2147483647
38716176507783,496,16185,2300,310260,24,-93,-6,2147483647,2147483647,2147483647
38717480793382,496,16185,2300,310260,26,-92,-11,2147483647,2147483647,2147483647
38720475190919,42,16185,2300,310260,30,-84,-9,2147483647,2147483647,2147483647
38721693402343,422,16185,2300,310260,31,-75,-7,2147483647,2147483647,2147483647
38722890632723,109,16185,675,310260,28,-89,-10,2147483647,2147483647,2147483647
38723235744007,109,16185,675,310260,28,-90,-11,2147483647,2147483647,2147483647
38724549176429,109,16185,675,310260,26,-94,-13,2147483647,2147483647,2147483647
38726144895286,109,16185,675,310260,26,-92,-10,2147483647,2147483647,2147483647
38726599108977,109,16185,675,310260,26,-92,-12,2147483647,2147483647,2147483647
38729156682097,109,16185,675,310260,26,-92,-11,2147483647,2147483647,2147483647
38730096459534,109,16185,675,310260,27,-92,-11,2147483647,2147483647,2147483647
38731298644289,109,16185,675,310260,26,-92,-11,2147483647,2147483647,2147483647
38732009240454,109,16185,675,310260,25,-96,-13,2147483647,2147483647,2147483647
38733495314873,109,16185,675,310260,26,-94,-14,2147483647,2147483647,2147483647
38734602623316,117,16185,675,310260,31,-80,-10,2147483647,2147483647,2147483647
38735818990365,191,16185,675,310260,28,-87,-8,2147483647,2147483647,2147483647
38736997935743,191,16185,675,310260,24,-100,-14,2147483647,2147483647,2147483647
38737964965422,331,16185,675,310260,28,-95,-16,2147483647,2147483647,2147483647
38741154599230,331,16185,675,310260,27,-88,-9,2147483647,2147483647,2147483647
38742300471896,331,16185,675,310260,29,-91,-15,2147483647,2147483647,2147483647
38743506746964,331,16185,675,310260,25,-99,-16,2147483647,2147483647,2147483647
38743863747052,340,16185,2300,310260,26,-90,-9,2147483647,2147483647,2147483647
38745541856333,340,16185,2300,310260,31,-77,-8,2147483647,2147483647,2147483647
38746579049093,341,16185,2300,310260,31,-82,-8,2147483647,2147483647,2147483647
38747556516586,341,16185,2300,310260,31,-81,-12,2147483647,2147483647,2147483647
38748277705616,341,16185,2300,310260,31,-81,-9,2147483647,2147483647,2147483647
38750568560480,341,16185,2300,310260,31,-80,-8,2147483647,2147483647,2147483647
38752781731430,341,16185,2300,310260,30,-81,-8,2147483647,2147483647,2147483647
38755775100790,341,16185,2300,310260,31,-69,-7,2147483647,2147483647,2147483647
38756434168148,341,16185,2300,310260,31,-66,-6,2147483647,2147483647,2147483647
38757940994860,341,16185,2300,310260,27,-88,-8,2147483647,2147483647,2147483647
38758297337864,341,16185,2300,310260,21,-104,-12,2147483647,2147483647,2147483647
38760100291482,341,16185,2300,310260,19,-110,-14,2147483647,2147483647,2147483647
38760435292609,341,16185,2300,310260,16,-113,-11,2147483647,2147483647,2147483647
38762498024168,341,16185,2300,310260,16,-114,-13,2147483647,2147483647,2147483647
38763417821187,341,16185,2300,310260,15,-121,-17,2147483647,2147483647,2147483647
38765496380977,60,16266,2300,310260,14,-119,-14,2147483647,2147483647,2147483647
38766502216130,60,16266,675,310260,14,-121,-15,2147483647,2147483647,2147483647
38767507936334,401,16266,2300,310260,16,-122,-20,2147483647,2147483647,2147483647
38769128524100,60,16266,675,310260,16,-113,-11,2147483647,2147483647,2147483647
38770616765238,401,16266,2300,310260,17,-111,-10,2147483647,2147483647,2147483647
38771769444363,401,16266,675,310260,21,-103,-13,2147483647,2147483647,2147483647
38772465307713,401,16266,675,310260,19,-103,-9,2147483647,2147483647,2147483647
38775065092816,401,16266,675,310260,18,-109,-13,2147483647,2147483647,2147483647
38775395693943,401,16266,675,310260,18,-107,-10,2147483647,2147483647,2147483647
38778059121552,401,16266,675,310260,17,-113,-12,2147483647,2147483647,2147483647
38778948758411,401,16266,675,310260,13,-117,-11,2147483647,2147483647,2147483647
38779672967233,409,16266,2300,310260,21,-102,-10,2147483647,2147483647,2147483647
38780606346701,409,16266,2300,310260,24,-94,-7,2147483647,2147483647,2147483647
38782479767305,409,16266,2300,310260,31,-86,-15,2147483647,2147483647,2147483647
38783567315069,409,16266,2300,310260,24,-93,-7,2147483647,2147483647,2147483647
38784522270529,409,16266,2300,310260,21,-103,-10,2147483647,2147483647,2147483647
38785650168193,302,16266,2300,310260,23,-106,-18,2147483647,2147483647,2147483647
38786328101646,302,16266,2300,310260,28,-88,-8,2147483647,2147483647,2147483647
38787429717589,302,16266,2300,310260,31,-77,-10,2147483647,2147483647,2147483647
38789758955947,302,16266,2300,310260,31,-77,-14,2147483647,2147483647,2147483647
38791431957936,302,16266,2300,310260,31,-85,-14,2147483647,2147483647,2147483647
38792399133866,382,16266,2300,310260,31,-85,-13,2147483647,2147483647,2147483647
38795004677459,382,16266,2300,310260,31,-84,-12,2147483647,2147483647,2147483647
38795782163838,382,16266,2300,310260,31,-84,-15,2147483647,2147483647,2147483647
38797139255432,382,16266,2300,310260,31,-82,-12,2147483647,2147483647,2147483647
38797611138760,382,16266,2300,310260,31,-83,-13,2147483647,2147483647,2147483647
38799315080701,382,16266,2300,310260,31,-84,-9,2147483647,2147483647,2147483647
38800533877801,382,16266,2300,310260,30,-88,-13,2147483647,2147483647,2147483647
38801741630578,192,16175,2300,310260,30,-85,-11,2147483647,2147483647,2147483647
38802658109888,192,16175,2300,310260,31,-84,-14,2147483647,2147483647,2147483647
38804764295462,192,16175,2300,310260,31,-86,-17,2147483647,2147483647,2147483647
38805806085045,192,16175,2300,310260,31,-84,-15,2147483647,2147483647,2147483647
38806981733652,192,16175,2300,310260,31,-80,-12,2147483647,2147483647,2147483647
38807333213479,192,16175,2300,310260,31,-78,-13,2147483647,2147483647,2147483647
38809496462757,192,16175,2300,310260,31,-76,-14,2147483647,2147483647,2147483647
38810285491377,192,16175,2300,310260,31,-80,-15,2147483647,2147483647,2147483647
38812000827902,192,16175,2300,310260,31,-78,-17,2147483647,2147483647,2147483647
38814106681705,192,16175,2300,310260,31,-79,-12,2147483647,2147483647,2147483647
38816281577807,192,16175,2300,310260,31,-79,-14,2147483647,2147483647,2147483647
38818226944147,192,16175,2300,310260,31,-83,-14,2147483647,2147483647,2147483647
38818242347430,192,16175,2300,310260,31,-83,-14,2147483647,2147483647,2147483647
38819501409743,192,16175,2300,310260,31,-80,-16,2147483647,2147483647,2147483647
38820911493217,192,16175,2300,310260,31,-81,-11,2147483647,2147483647,2147483647
38822451335766,192,16175,2300,310260,31,-79,-12,2147483647,2147483647,2147483647
38822853514764,192,16175,2300,310260,31,-79,-12,2147483647,2147483647,2147483647
38824959968672,192,16175,2300,310260,31,-80,-14,2147483647,2147483647,2147483647
38826548522893,192,16175,2300,310260,31,-81,-10,2147483647,2147483647,2147483647
38826942781786,192,16175,2300,310260,31,-80,-12,2147483647,2147483647,2147483647
38829398518541,192,16175,2300,310260,31,-79,-14,2147483647,2147483647,2147483647
38831011605837,192,16175,2300,310260,31,-79,-12,2147483647,2147483647,2147483647
38831369871394,192,16175,2300,310260,31,-81,-9,2147483647,2147483647,2147483647
38833265046114,192,16175,2300,310260,31,-80,-8,2147483647,2147483647,2147483647
38836456885703,192,16175,2300,310260,31,-74,-14,2147483647,2147483647,2147483647
38837368568814,192,16175,2300,310260,31,-77,-9,2147483647,2147483647,2147483647
38838512964814,192,16175,2300,310260,31,-71,-8,2147483647,2147483647,2147483647
38839413950633,192,16175,2300,310260,31,-75,-11,2147483647,2147483647,2147483647
38840693827739,192,16175,2300,310260,31,-77,-15,2147483647,2147483647,2147483647
38841684617057,192,16175,2300,310260,31,-75,-14,2147483647,2147483647,2147483647
38841694685183,192,16175,2300,310260,31,-75,-14,2147483647,2147483647,2147483647
38844843564924,192,16175,2300,310260,31,-76,-10,2147483647,2147483647,2147483647
38845293469708,192,16175,2300,310260,31,-79,-8,2147483647,2147483647,2147483647
38846841139133,192,16175,2300,310260,31,-79,-19,2147483647,2147483647,2147483647
38847983608257,192,16175,2300,310260,31,-69,-12,2147483647,2147483647,2147483647
38848829005685,192,16175,2300,310260,31,-74,-6,2147483647,2147483647,2147483647
38849713430409,192,16175,2300,310260,29,-85,-9,2147483647,2147483647,2147483647
38850619431176,192,16175,2300,310260,25,-93,-8,2147483647,2147483647,2147483647
38851443232404,192,16175,2300,310260,26,-96,-14,2147483647,2147483647,2147483647
38854139277412,192,16175,2300,310260,27,-98,-18,2147483647,2147483647,2147483647
38854664281579,192,16175,2300,310260,24,-97,-10,2147483647,2147483647,2147483647
38857140579117,192,16175,2300,310260,25,-96,-12,2147483647,2147483647,2147483647
38859665752546,192,16175,2300,310260,28,-95,-17,2147483647,2147483647,2147483647
38862142249720,192,16175,2300,310260,26,-96,-14,2147483647,2147483647,2147483647
38865142147363,192,16175,2300,310260,24,-95,-9,2147483647,2147483647,2147483647
38868157469798,192,16175,2300,310260,26,-92,-9,2147483647,2147483647,2147483647
38871148390409,192,16175,2300,310260,30,-87,-12,2147483647,2147483647,2147483647
38874118891590,192,16175,2300,310260,31,-86,-16,2147483647,2147483647,2147483647
38876151496324,192,16175,2300,310260,29,-84,-6,2147483647,2147483647,2147483647
38879163960791,192,16175,2300,310260,30,-82,-7,2147483647,2147483647,2147483647
38882162541193,192,16175,2300,310260,31,-83,-9,2147483647,2147483647,2147483647
38884268388330,192,16175,2300,310260,30,-82,-8,2147483647,2147483647,2147483647
38886331149473,192,16175,2300,310260,31,-89,-18,2147483647,2147483647,2147483647
38889169869912,192,16175,2300,310260,30,-88,-14,2147483647,2147483647,2147483647
38891375789403,192,16175,2300,310260,31,-84,-16,2147483647,2147483647,2147483647
38894249778960,192,16175,2300,310260,31,-84,-18,2147483647,2147483647,2147483647
38897181973888,192,16175,2300,310260,28,-87,-7,2147483647,2147483647,2147483647
38900174414186,192,16175,2300,310260,28,-89,-8,2147483647,2147483647,2147483647
38903187095371,192,16175,2300,310260,25,-92,-6,2147483647,2147483647,2147483647
38905243245993,192,16175,2300,310260,26,-91,-9,2147483647,2147483647,2147483647
38908264331762,192,16175,2300,310260,30,-92,-17,2147483647,2147483647,2147483647
38911193210752,192,16175,2300,310260,31,-86,-13,2147483647,2147483647,2147483647
38914195157770,192,16175,2300,310260,31,-86,-15,2147483647,2147483647,2147483647
38917207618851,192,16175,2300,310260,31,-85,-19,2147483647,2147483647,2147483647
38917692320879,192,16175,2300,310260,29,-88,-12,2147483647,2147483647,2147483647
38918795495624,192,16175,2300,310260,26,-92,-9,2147483647,2147483647,2147483647
38919635649145,192,16175,2300,310260,27,-92,-11,2147483647,2147483647,2147483647
38921203215187,192,16175,2300,310260,31,-76,-10,2147483647,2147483647,2147483647
38924186528140,192,16175,2300,310260,24,-93,-8,2147483647,2147483647,2147483647
38927200299899,192,16175,2300,310260,25,-94,-10,2147483647,2147483647,2147483647
38929338738966,192,16175,2300,310260,26,-89,-8,2147483647,2147483647,2147483647
38931720137276,192,16175,2300,310260,25,-93,-10,2147483647,2147483647,2147483647
38934174464969,192,16175,2300,310260,28,-85,-7,2147483647,2147483647,2147483647
38936188645482,192,16175,2300,310260,26,-91,-8,2147483647,2147483647,2147483647
38938240340582,192,16175,2300,310260,31,-84,-15,2147483647,2147483647,2147483647
38941193078532,192,16175,2300,310260,29,-85,-8,2147483647,2147483647,2147483647
38944229643314,192,16175,2300,310260,31,-81,-7,2147483647,2147483647,2147483647
38947248578823,192,16175,2300,310260,31,-83,-10,2147483647,2147483647,2147483647
38950238527402,192,16175,2300,310260,30,-87,-10,2147483647,2147483647,2147483647
38953206040562,192,16175,2300,310260,30,-83,-7,2147483647,2147483647,2147483647
38955265541445,192,16175,2300,310260,31,-79,-9,2147483647,2147483647,2147483647
38957720227002,192,16175,2300,310260,27,-87,-7,2147483647,2147483647,2147483647
38960254845223,192,16175,2300,310260,31,-87,-18,2147483647,2147483647,2147483647
38963249271407,192,16175,2300,310260,26,-89,-8,2147483647,2147483647,2147483647
38966256284154,192,16175,2300,310260,28,-86,-8,2147483647,2147483647,2147483647
38969250570494,192,16175,2300,310260,26,-90,-7,2147483647,2147483647,2147483647
38972258293971,192,16175,2300,310260,31,-79,-12,2147483647,2147483647,2147483647
38975259135207,192,16175,2300,310260,31,-75,-15,2147483647,2147483647,2147483647
38978269364726,192,16175,2300,310260,31,-75,-9,2147483647,2147483647,2147483647
38981262975180,192,16175,2300,310260,31,-72,-7,2147483647,2147483647,2147483647
38984274860585,192,16175,2300,310260,31,-75,-12,2147483647,2147483647,2147483647
38986770058958,192,16175,2300,310260,31,-80,-12,2147483647,2147483647,2147483647
38989286935198,192,16175,2300,310260,30,-82,-9,2147483647,2147483647,2147483647
38992277961955,192,16175,2300,310260,31,-78,-8,2147483647,2147483647,2147483647
38995256202199,192,16175,2300,310260,31,-83,-15,2147483647,2147483647,2147483647
38997294987298,192,16175,2300,310260,31,-73,-10,2147483647,2147483647,2147483647
39000287294367,192,16175,2300,310260,31,-74,-12,2147483647,2147483647,2147483647
39003281489405,192,16175,2300,310260,31,-79,-13,2147483647,2147483647,2147483647
39006278749391,192,16175,2300,310260,31,-82,-8,2147483647,2147483647,2147483647
39009295032087,192,16175,2300,310260,31,-88,-17,2147483647,2147483647,2147483647
39012303297075,192,16175,2300,310260,27,-87,-8,2147483647,2147483647,2147483647
39015298459456,192,16175,2300,310260,30,-82,-7,2147483647,2147483647,2147483647
39018310156110,192,16175,2300,310260,31,-85,-14,2147483647,2147483647,2147483647
39021316072139,192,16175,2300,310260,27,-88,-7,2147483647,2147483647,2147483647
39024308437802,192,16175,2300,310260,29,-87,-11,2147483647,2147483647,2147483647
39027326490029,192,16175,2300,310260,27,-88,-7,2147483647,2147483647,2147483647
39030301689909,192,16175,2300,310260,26,-90,-7,2147483647,2147483647,2147483647
39033332436930,192,16175,2300,310260,24,-95,-9,2147483647,2147483647,2147483647
39036327563999,192,16175,2300,310260,31,-85,-16,2147483647,2147483647,2147483647
39039331214975,192,16175,2300,310260,28,-86,-6,2147483647,2147483647,2147483647
39042309012876,192,16175,2300,310260,31,-75,-13,2147483647,2147483647,2147483647
39045351506200,192,16175,2300,310260,31,-77,-18,2147483647,2147483647,2147483647
39048341557852,192,16175,2300,310260,31,-77,-10,2147483647,2147483647,2147483647
39051330407212,192,16175,2300,310260,31,-79,-9,2147483647,2147483647,2147483647
39054343061679,192,16175,2300,310260,31,-74,-7,2147483647,2147483647,2147483647
39057366480105,192,16175,2300,310260,31,-86,-16,2147483647,2147483647,2147483647
39060361950925,192,16175,2300,310260,25,-92,-7,2147483647,2147483647,2147483647
39063376757787,192,16175,2300,310260,27,-90,-10,2147483647,2147483647,2147483647
39066358905845,192,16175,2300,310260,31,-78,-10,2147483647,2147483647,2147483647
39069381155417,192,16175,2300,310260,31,-79,-8,2147483647,2147483647,2147483647
39072319287116,192,16175,2300,310260,31,-74,-8,2147483647,2147483647,2147483647
39074345173776,192,16175,2300,310260,31,-88,-18,2147483647,2147483647,2147483647
