time,mRegistered,mTimeStamp,mPci,mTac,mEarfcn,mMcc+mMnc,ss,rsrp,rsrq,activity,nextAP,handoverOccured,max_ss,max_rsrp,max_rsrq,diff_in_ss,diff_in_rsrp,diff_in_rsrq
11-21 15:00:31.800,YES,137464339487470,234,34624,9820,310410,19,-107,-13,STILL,234.0,0,26,-83,-14,-7,-24,1
11-21 15:00:43.723,YES,137465054772229,234,34624,9820,310410,17,-109,-12,STILL,234.0,0,26,-83,-13,-9,-26,1
11-21 15:00:49.759,YES,137465497763627,234,34624,9820,310410,18,-108,-13,STILL,38.0,1,31,0,0,-13,-108,-13
11-21 15:06:01.373,YES,137599539003074,38,34624,850,310410,31,-81,-9,UNKNOWN,38.0,0,26,-79,-8,5,-2,-1
11-21 15:06:02.939,YES,137601903708362,38,34624,850,310410,31,-82,-9,UNKNOWN,38.0,0,26,-79,-8,5,-3,-1
11-21 15:06:04.952,YES,137604025077792,38,34624,850,310410,31,-81,-9,UNKNOWN,38.0,0,26,-79,-8,5,-2,-1
11-21 15:06:07.452,YES,137606527121843,38,34624,850,310410,31,-79,-9,UNKNOWN,38.0,0,26,-79,-8,5,0,-1
11-21 15:06:09.515,YES,137608589792257,38,34624,850,310410,31,-80,-9,UNKNOWN,38.0,0,26,-79,-8,5,-1,-1
11-21 15:06:11.952,YES,137610900826706,38,34624,850,310410,31,-79,-7,UNKNOWN,38.0,0,26,-79,-8,5,0,1
11-21 15:06:13.961,YES,137613034084939,38,34624,850,310410,29,-84,-8,UNKNOWN,38.0,0,26,-79,-8,3,-5,0
11-21 15:06:16.467,YES,137615538503470,38,34624,850,310410,31,-76,-8,UNKNOWN,38.0,0,26,-79,-8,5,3,0
11-21 15:06:18.953,YES,137617904369852,38,34624,850,310410,30,-81,-7,UNKNOWN,38.0,0,26,-79,-8,4,-2,1
11-21 15:06:20.974,YES,137620044994284,38,34624,850,310410,31,-77,-10,UNKNOWN,38.0,0,28,-79,-8,3,2,-2
11-21 15:06:23.468,YES,137622541823126,38,34624,850,310410,29,-86,-10,UNKNOWN,38.0,0,26,-79,-8,3,-7,-2
11-21 15:06:25.967,YES,137624787768610,38,34624,850,310410,30,-86,-12,UNKNOWN,38.0,0,26,-79,-8,4,-7,-4
11-21 15:06:27.974,YES,137626944071638,38,34624,850,310410,29,-88,-11,UNKNOWN,38.0,0,26,-79,-8,3,-9,-3
11-21 15:06:29.992,YES,137629056463567,38,34624,850,310410,31,-88,-15,UNKNOWN,38.0,0,26,-79,-8,5,-9,-7
11-21 15:06:32.518,YES,137631576701474,38,34624,850,310410,29,-88,-12,UNKNOWN,38.0,0,26,-79,-8,3,-9,-4
11-21 15:06:34.978,YES,137633951325409,38,34624,850,310410,28,-90,-13,UNKNOWN,38.0,0,26,-79,-8,2,-11,-5
11-21 15:06:37.020,YES,137636080770464,38,34624,850,310410,27,-97,-16,UNKNOWN,38.0,0,26,-79,-8,1,-18,-8
11-21 15:06:39.530,YES,137638577262640,38,34624,850,310410,25,-103,-20,UNKNOWN,38.0,0,31,0,0,-6,-103,-20
11-21 15:06:41.998,YES,137640947664803,38,34624,850,310410,26,-105,-20,UNKNOWN,38.0,0,31,0,0,-5,-105,-20
11-21 15:06:44.034,YES,137643094331996,38,34624,850,310410,26,-107,-20,UNKNOWN,275.0,1,18,-101,-12,8,-6,-8
11-21 15:06:46.491,YES,137645566188909,275,34624,850,310410,27,-96,-17,UNKNOWN,275.0,0,19,-97,-13,8,1,-4
11-21 15:06:48.996,YES,137647936370239,275,34624,850,310410,26,-98,-13,UNKNOWN,275.0,0,20,-95,-12,6,-3,-1
11-21 15:06:51.001,YES,137650072043577,275,34624,850,310410,26,-98,-15,UNKNOWN,275.0,0,18,-100,-13,8,2,-2
11-21 15:06:53.513,YES,137652575943566,275,34624,850,310410,26,-98,-15,UNKNOWN,275.0,0,20,-98,-13,6,0,-2
11-21 15:06:55.983,YES,137654905442704,275,34624,850,310410,29,-93,-17,UNKNOWN,275.0,0,21,-94,-13,8,1,-4
11-21 15:06:57.985,YES,137656921181238,275,34624,850,310410,28,-93,-14,UNKNOWN,275.0,0,21,-96,-13,7,3,-1
11-21 15:07:00.057,YES,137659101462758,275,34624,850,310410,29,-93,-16,UNKNOWN,275.0,0,21,-96,-13,8,3,-3
11-21 15:07:02.500,YES,137661574941702,275,34624,850,310410,27,-95,-16,UNKNOWN,275.0,0,21,-98,-13,6,3,-3
11-21 15:07:04.545,YES,137663604533623,275,34624,850,310410,29,-94,-17,UNKNOWN,275.0,0,20,-94,-12,9,0,-5
11-21 15:07:07.000,YES,137665900970414,275,34624,850,310410,28,-95,-17,UNKNOWN,275.0,0,21,-97,-13,7,2,-4
11-21 15:07:09.011,YES,137668084873288,275,34624,850,310410,27,-95,-16,UNKNOWN,275.0,0,20,-101,-13,7,6,-3
11-21 15:07:11.515,YES,137670233472721,275,34624,850,310410,30,-92,-17,UNKNOWN,275.0,0,22,-96,-13,8,4,-4
11-21 15:07:13.554,YES,137672611292229,275,34624,850,310410,29,-91,-15,UNKNOWN,275.0,0,22,-95,-12,7,4,-3
11-21 15:07:16.027,YES,137674938292721,275,34624,850,310410,30,-92,-15,UNKNOWN,275.0,0,23,-92,-13,7,0,-2
11-21 15:07:18.062,YES,137677115159083,275,34624,850,310410,30,-90,-14,UNKNOWN,275.0,0,24,-88,-13,6,-2,-1
11-21 15:07:20.567,YES,137679626115219,275,34624,850,310410,30,-89,-15,UNKNOWN,275.0,0,22,-91,-12,8,2,-3
11-21 15:07:23.010,YES,137681902866071,275,34624,850,310410,30,-89,-15,UNKNOWN,275.0,0,23,-91,-13,7,2,-2
11-21 15:07:25.027,YES,137684100436706,275,34624,850,310410,31,-89,-17,UNKNOWN,275.0,0,23,-93,-13,8,4,-4
11-21 15:07:27.525,YES,137686599700132,275,34624,850,310410,31,-89,-17,UNKNOWN,275.0,0,23,-93,-13,8,4,-4
11-21 15:07:30.014,YES,137688904305102,275,34624,850,310410,31,-87,-15,UNKNOWN,275.0,0,24,-92,-13,7,5,-2
11-21 15:07:32.021,YES,137691097861362,275,34624,850,310410,30,-87,-14,UNKNOWN,275.0,0,23,-91,-13,7,4,-1
11-21 15:07:34.524,YES,137693600137653,275,34624,850,310410,29,-91,-14,UNKNOWN,275.0,0,21,-98,-13,8,7,-1
11-21 15:07:37.016,YES,137695903185382,275,34624,850,310410,30,-91,-16,UNKNOWN,275.0,0,22,-95,-13,8,4,-3
11-21 15:07:39.042,YES,137697949369128,275,34624,850,310410,29,-92,-13,UNKNOWN,275.0,0,23,-94,-13,6,2,0
11-21 15:07:41.070,YES,137700125165021,275,34624,850,310410,29,-93,-16,UNKNOWN,275.0,0,22,-93,-13,7,0,-3
11-21 15:07:43.572,YES,137702629084333,275,34624,850,310410,30,-90,-16,UNKNOWN,275.0,0,22,-95,-13,8,5,-3
11-21 15:07:46.028,YES,137704907025133,275,34624,850,310410,30,-92,-16,UNKNOWN,275.0,0,24,-93,-13,6,1,-3
11-21 15:07:48.042,YES,137707115429312,275,34624,850,310410,30,-89,-16,UNKNOWN,275.0,0,24,-88,-13,6,-1,-3
11-21 15:07:50.584,YES,137709639470240,275,34624,850,310410,30,-92,-17,UNKNOWN,275.0,0,23,-94,-13,7,2,-4
11-21 15:07:53.058,YES,137711950222658,275,34624,850,310410,30,-89,-14,UNKNOWN,275.0,0,24,-90,-13,6,1,-1
11-21 15:07:55.051,YES,137714124193916,275,34624,850,310410,31,-89,-18,UNKNOWN,275.0,0,31,0,0,0,-89,-18
11-21 15:07:57.549,YES,137716624821613,275,34624,850,310410,30,-89,-15,UNKNOWN,275.0,0,24,-87,-11,6,-2,-4
11-21 15:07:59.602,YES,137718657863014,275,34624,850,310410,31,-88,-16,UNKNOWN,275.0,0,24,-87,-11,7,-1,-5
11-21 15:08:02.070,YES,137720732097178,275,34624,850,310410,31,-87,-16,UNKNOWN,275.0,0,24,-87,-11,7,0,-5
11-21 15:08:04.047,YES,137722902204999,275,34624,850,310410,31,-87,-15,UNKNOWN,275.0,0,24,-87,-11,7,0,-4
11-21 15:08:06.070,YES,137724955921089,275,34624,850,310410,31,-88,-14,UNKNOWN,275.0,0,25,-87,-11,6,-1,-3
11-21 15:08:08.111,YES,137727165033861,275,34624,850,310410,31,-90,-17,UNKNOWN,275.0,0,25,-87,-11,6,-3,-6
11-21 15:08:10.609,YES,137729666529579,275,34624,850,310410,31,-88,-15,UNKNOWN,275.0,0,24,-87,-11,7,-1,-4
11-21 15:08:13.079,YES,137731948497723,275,34624,850,310410,31,-89,-16,UNKNOWN,275.0,0,24,-87,-11,7,-2,-5
11-21 15:08:15.115,YES,137734173382059,275,34624,850,310410,30,-90,-16,UNKNOWN,275.0,0,24,-87,-11,6,-3,-5
11-21 15:08:17.623,YES,137736681942153,275,34624,850,310410,31,-88,-16,UNKNOWN,275.0,0,25,-87,-11,6,-1,-5
11-21 15:08:20.096,YES,137738943247066,275,34624,850,310410,30,-89,-13,UNKNOWN,275.0,0,25,-87,-11,5,-2,-2
11-21 15:08:22.130,YES,137741192571144,275,34624,850,310410,31,-89,-15,UNKNOWN,275.0,0,25,-87,-11,6,-2,-4
11-21 15:08:24.638,YES,137743689551080,275,34624,850,310410,31,-89,-19,UNKNOWN,275.0,0,25,-87,-11,6,-2,-8
11-21 15:08:27.108,YES,137745944276878,275,34624,850,310410,31,-90,-16,UNKNOWN,275.0,0,31,0,0,0,-90,-16
11-21 15:08:29.142,YES,137748202880436,275,34624,850,310410,31,-90,-18,UNKNOWN,275.0,0,31,0,0,0,-90,-18
11-21 15:08:31.648,YES,137750707307404,275,34624,850,310410,31,-89,-16,UNKNOWN,275.0,0,31,0,0,0,-89,-16
11-21 15:08:34.095,YES,137752902485019,275,34624,850,310410,31,-88,-17,UNKNOWN,275.0,0,31,0,0,0,-88,-17
11-21 15:08:36.109,YES,137755183522121,275,34624,850,310410,31,-89,-16,UNKNOWN,275.0,0,31,0,0,0,-89,-16
11-21 15:08:38.648,YES,137757708707425,275,34624,850,310410,31,-89,-17,UNKNOWN,275.0,0,31,0,0,0,-89,-17
11-21 15:08:41.102,YES,137759903222695,275,34624,850,310410,31,-89,-17,UNKNOWN,275.0,0,31,0,0,0,-89,-17
11-21 15:08:43.119,YES,137761950046962,275,34624,850,310410,31,-89,-17,UNKNOWN,275.0,0,31,0,0,0,-89,-17
11-21 15:08:45.147,YES,137764211312447,275,34624,850,310410,31,-88,-16,UNKNOWN,275.0,0,31,0,0,0,-88,-16
11-21 15:08:47.612,YES,137766686618423,275,34624,850,310410,31,-88,-16,UNKNOWN,275.0,0,31,0,0,0,-88,-16
11-21 15:08:49.650,YES,137768712336854,275,34624,850,310410,31,-88,-16,UNKNOWN,275.0,0,25,-89,-13,6,1,-3
11-21 15:08:52.102,YES,137770907305510,275,34624,850,310410,31,-89,-17,UNKNOWN,275.0,0,25,-89,-13,6,0,-4
11-21 15:08:54.127,YES,137772938547952,275,34624,850,310410,31,-90,-18,UNKNOWN,275.0,0,24,-91,-11,7,1,-7
11-21 15:08:56.158,YES,137775218771044,275,34624,850,310410,31,-90,-17,UNKNOWN,275.0,0,24,-90,-11,7,0,-6
11-21 15:08:58.659,YES,137777719014626,275,34624,850,310410,31,-87,-16,UNKNOWN,275.0,0,25,-87,-11,6,0,-5
11-21 15:09:01.139,YES,137779950536203,275,34624,850,310410,31,-87,-18,UNKNOWN,275.0,0,28,-81,-12,3,-6,-6
11-21 15:09:03.170,YES,137782230724503,275,34624,850,310410,31,-83,-14,UNKNOWN,275.0,0,27,-84,-11,4,1,-3
11-21 15:09:05.678,YES,137784733880846,275,34624,850,310410,31,-82,-14,UNKNOWN,275.0,0,27,-84,-11,4,2,-3
11-21 15:09:08.148,YES,137786960137526,275,34624,850,310410,31,-90,-17,UNKNOWN,162.0,1,27,-84,-11,4,-6,-6
11-21 15:09:10.145,YES,137789219919366,162,34624,9820,310410,20,-107,-15,UNKNOWN,162.0,0,31,0,0,-11,-107,-15
11-21 15:09:12.693,YES,137791752140972,162,34624,9820,310410,19,-109,-16,UNKNOWN,322.0,1,31,0,0,-12,-109,-16
11-21 15:09:15.153,YES,137793903539676,322,34624,850,310410,29,-93,-17,UNKNOWN,322.0,0,27,-86,-16,2,-7,-1
11-21 15:09:17.162,YES,137795999113895,322,34624,850,310410,28,-93,-15,UNKNOWN,322.0,0,27,-86,-11,1,-7,-4
11-21 15:09:19.160,YES,137798234683389,322,34624,850,310410,28,-93,-14,UNKNOWN,322.0,0,27,-86,-15,1,-7,1
11-21 15:09:31.709,YES,137800390715479,322,34624,850,310410,29,-91,-16,UNKNOWN,322.0,0,27,-86,-15,2,-5,-1
11-21 15:09:32.203,YES,137800412080741,322,34624,850,310410,29,-91,-16,UNKNOWN,322.0,0,27,-86,-15,2,-5,-1
11-21 15:09:37.676,YES,137802005966785,322,34624,850,310410,28,-92,-15,UNKNOWN,322.0,0,27,-86,-13,1,-6,-2
11-21 15:09:49.707,YES,137802751284464,322,34624,850,310410,29,-90,-14,UNKNOWN,322.0,0,27,-86,-16,2,-4,2
11-21 15:09:52.224,YES,137803089674966,322,34624,850,310410,28,-93,-14,UNKNOWN,322.0,0,27,-86,-16,1,-7,2
11-21 15:09:54.281,YES,137805117970429,322,34624,850,310410,29,-92,-14,UNKNOWN,322.0,0,27,-86,-16,2,-6,2
11-21 15:09:56.775,YES,137807629128700,322,34624,850,310410,29,-92,-15,UNKNOWN,322.0,0,27,-86,-16,2,-6,1
11-21 15:09:59.289,YES,137810140537908,322,34624,850,310410,29,-92,-14,UNKNOWN,322.0,0,27,-86,-16,2,-6,2
11-21 15:10:01.745,YES,137812233081294,322,34624,850,310410,30,-89,-14,UNKNOWN,322.0,0,27,-86,-16,3,-3,2
11-21 15:10:03.796,YES,137814647965909,322,34624,850,310410,30,-88,-14,UNKNOWN,322.0,0,27,-86,-16,3,-2,2
11-21 15:10:06.322,YES,137817168181994,322,34624,850,310410,29,-90,-15,UNKNOWN,322.0,0,27,-86,-16,2,-4,1
11-21 15:10:08.532,YES,137819394960184,322,34624,850,310410,31,-84,-14,UNKNOWN,322.0,0,27,-86,-16,4,2,2
11-21 15:10:11.059,YES,137821911652623,322,34624,850,310410,31,-80,-13,UNKNOWN,322.0,0,27,-86,-16,4,6,3
11-21 15:10:13.577,YES,137824430965478,322,34624,850,310410,31,-82,-15,UNKNOWN,322.0,0,27,-86,-16,4,4,1
11-21 15:10:16.089,YES,137826944189322,322,34624,850,310410,31,-80,-11,UNKNOWN,322.0,0,27,-86,-16,4,6,5
11-21 15:10:21.762,YES,137827783721437,322,34624,850,310410,31,-74,-11,UNKNOWN,322.0,0,28,-86,-16,3,12,5
11-21 15:10:27.696,YES,137828279825496,322,34624,850,310410,31,-76,-10,UNKNOWN,322.0,0,29,-86,-16,2,10,6
11-21 15:10:33.783,YES,137828710398248,322,34624,850,310410,31,-77,-12,UNKNOWN,322.0,0,28,-86,-16,3,9,4
11-21 15:10:39.380,YES,137829977271811,322,34624,850,310410,31,-74,-14,UNKNOWN,322.0,0,31,-81,-16,0,7,2
11-21 15:10:39.873,YES,137829987580094,322,34624,850,310410,31,-74,-14,UNKNOWN,322.0,0,31,-81,-16,0,7,2
11-21 15:10:41.907,YES,137832488674093,322,34624,850,310410,31,-76,-12,UNKNOWN,322.0,0,30,-85,-16,1,9,4
11-21 15:10:44.407,YES,137834990457519,322,34624,850,310410,31,-73,-13,UNKNOWN,322.0,0,29,-86,-16,2,13,3
11-21 15:10:46.932,YES,137837510661781,322,34624,850,310410,31,-73,-12,UNKNOWN,322.0,0,30,-84,-16,1,11,4
11-21 15:10:49.375,YES,137839972378172,322,34624,850,310410,31,-72,-13,UNKNOWN,322.0,0,27,-86,-16,4,14,3
11-21 15:10:51.425,YES,137842006852437,322,34624,850,310410,31,-72,-14,UNKNOWN,322.0,0,27,-86,-16,4,14,2
11-21 15:10:55.748,YES,137842946119301,322,34624,850,310410,31,-72,-15,UNKNOWN,322.0,0,27,-86,-16,4,14,1
11-21 15:11:01.908,YES,137843280484907,322,34624,850,310410,31,-75,-13,UNKNOWN,322.0,0,27,-86,-16,4,11,3
11-21 15:11:03.937,YES,137845511442421,322,34624,850,310410,31,-78,-14,UNKNOWN,322.0,0,27,-86,-16,4,8,2
11-21 15:11:09.789,YES,137846450067879,322,34624,850,310410,31,-65,-14,UNKNOWN,322.0,0,31,-74,-16,0,9,2
11-21 15:11:15.756,YES,137848245977590,322,34624,850,310410,31,-62,-14,UNKNOWN,322.0,0,31,-78,-16,0,16,2
11-21 15:11:22.115,YES,137848549791422,322,34624,850,310410,31,-63,-13,UNKNOWN,322.0,0,31,-73,-16,0,10,3
11-21 15:11:27.761,YES,137849498389902,322,34624,850,310410,31,-62,-15,UNKNOWN,322.0,0,31,-74,-16,0,12,1
11-21 15:11:33.739,YES,137850040287560,322,34624,850,310410,31,-62,-13,UNKNOWN,322.0,0,31,-73,-16,0,11,3
11-21 15:11:39.817,YES,137850388500251,322,34624,850,310410,31,-62,-14,UNKNOWN,322.0,0,27,-86,-16,4,24,2
11-21 15:11:51.691,YES,137851131754388,322,34624,850,310410,31,-61,-12,UNKNOWN,322.0,0,27,-86,-16,4,25,4
11-21 15:11:57.772,YES,137851595169486,322,34624,850,310410,31,-61,-14,UNKNOWN,322.0,0,27,-86,-16,4,25,2
11-21 15:12:04.062,YES,137851932636238,322,34624,850,310410,31,-61,-14,UNKNOWN,322.0,0,27,-86,-16,4,25,2
11-21 15:12:15.700,YES,137853646493180,322,34624,850,310410,31,-62,-14,UNKNOWN,322.0,0,27,-86,-16,4,24,2
11-21 15:12:15.915,YES,137854123544998,322,34624,850,310410,31,-66,-12,UNKNOWN,322.0,0,27,-86,-16,4,20,4
11-21 15:12:21.788,YES,137855601504624,322,34624,850,310410,31,-66,-12,UNKNOWN,322.0,0,27,-86,-16,4,20,4
11-21 15:12:28.982,YES,137856642097280,322,34624,850,310410,31,-69,-14,UNKNOWN,322.0,0,27,-86,-16,4,17,2
11-21 15:12:34.806,YES,137857320393650,322,34624,850,310410,31,-66,-14,UNKNOWN,322.0,0,27,-86,-16,4,20,2
11-21 15:12:39.780,YES,137858014007677,322,34624,850,310410,31,-82,-13,UNKNOWN,322.0,0,27,-86,-16,4,4,3
11-21 15:12:45.816,YES,137858379089953,322,34624,850,310410,28,-93,-14,UNKNOWN,322.0,0,27,-86,-16,1,-7,2
11-21 15:12:51.975,YES,137858749596292,322,34624,850,310410,26,-98,-16,UNKNOWN,322.0,0,27,-86,-16,-1,-12,0
11-21 15:12:54.034,YES,137861030897978,322,34624,850,310410,27,-98,-17,UNKNOWN,322.0,0,27,-86,-14,0,-12,-3
11-21 15:12:56.544,YES,137863544578384,322,34624,850,310410,27,-96,-15,UNKNOWN,322.0,0,27,-86,-16,0,-10,1
11-21 15:12:58.690,YES,137865697957193,322,34624,850,310410,28,-93,-15,UNKNOWN,322.0,0,27,-86,-15,1,-7,0
11-21 15:13:02.766,YES,137866231409746,322,34624,850,310410,28,-93,-15,UNKNOWN,322.0,0,27,-86,-16,1,-7,1
11-21 15:13:05.272,YES,137868725199786,322,34624,850,310410,28,-93,-16,UNKNOWN,322.0,0,27,-86,-16,1,-7,0
11-21 15:13:10.804,YES,137869598581852,322,34624,850,310410,29,-91,-15,UNKNOWN,322.0,0,27,-86,-15,2,-5,0
11-21 15:13:22.719,YES,137870301758953,322,34624,850,310410,28,-91,-13,UNKNOWN,322.0,0,27,-86,-16,1,-5,3
11-21 15:13:24.814,YES,137872398905152,322,34624,850,310410,30,-90,-14,UNKNOWN,322.0,0,27,-86,-16,3,-4,2
11-21 15:13:34.685,YES,137873100127566,322,34624,850,310410,28,-93,-14,UNKNOWN,322.0,0,27,-86,-16,1,-7,2
11-21 15:13:39.819,YES,137873461533383,322,34624,850,310410,31,-70,-14,UNKNOWN,322.0,0,31,-84,-16,0,14,2
11-21 15:13:42.209,YES,137875963365090,322,34624,850,310410,31,-75,-13,UNKNOWN,322.0,0,29,-86,-16,2,11,3
11-21 15:13:46.049,YES,137876322609032,322,34624,850,310410,31,-80,-14,UNKNOWN,322.0,0,27,-86,-16,4,6,2
11-21 15:13:48.379,YES,137877187119952,322,34624,850,310410,31,-80,-11,UNKNOWN,322.0,0,27,-86,-16,4,6,5
11-21 15:13:50.539,YES,137879340847458,322,34624,850,310410,31,-82,-13,UNKNOWN,322.0,0,28,-86,-16,3,4,3
11-21 15:13:56.743,YES,137880150101393,322,34624,850,310410,31,-85,-13,UNKNOWN,322.0,0,27,-86,-16,4,1,3
11-21 15:14:02.747,YES,137882802290667,322,34624,850,310410,29,-89,-13,UNKNOWN,322.0,0,27,-86,-16,2,-3,3
11-21 15:14:09.785,YES,137883852708272,322,34624,850,310410,27,-98,-18,UNKNOWN,406.0,1,31,0,0,-4,-98,-18
11-21 15:14:15.997,YES,137884186874503,406,34624,850,310410,26,-97,-14,UNKNOWN,406.0,0,27,-85,-9,-1,-12,-5
11-21 15:14:27.717,YES,137885166557726,406,34624,850,310410,24,-98,-11,UNKNOWN,406.0,0,27,-85,-9,-3,-13,-2
11-21 15:14:28.128,YES,137885180511842,406,34624,850,310410,24,-98,-11,UNKNOWN,406.0,0,27,-85,-9,-3,-13,-2
11-21 15:14:33.793,YES,137887017873952,406,34624,850,310410,27,-90,-10,UNKNOWN,406.0,0,27,-85,-9,0,-5,-1
11-21 15:14:36.261,YES,137889349811216,406,34624,850,310410,23,-97,-9,WALKING,406.0,0,27,-85,-9,-4,-12,0
11-21 15:14:38.277,YES,137891510019764,406,34624,850,310410,28,-95,-16,WALKING,406.0,0,27,-85,-9,1,-10,-7
11-21 15:14:40.773,YES,137893579376533,406,34624,850,310410,25,-94,-11,WALKING,406.0,0,27,-85,-9,-2,-9,-2
11-21 15:14:42.785,YES,137896013317348,406,34624,850,310410,23,-100,-12,WALKING,406.0,0,27,-85,-9,-4,-15,-3
11-21 15:14:45.286,YES,137898514913535,406,34624,850,310410,26,-90,-8,WALKING,406.0,0,27,-85,-9,-1,-5,1
11-21 15:14:51.710,YES,137900559855301,406,34624,850,310410,29,-86,-9,WALKING,406.0,0,27,-85,-9,2,-1,0
11-21 15:14:52.205,YES,137900567855562,406,34624,850,310410,29,-86,-9,WALKING,406.0,0,27,-85,-9,2,-1,0
11-21 15:14:53.759,YES,137902588915920,406,34624,850,310410,27,-88,-8,WALKING,406.0,0,27,-85,-9,0,-3,1
11-21 15:14:56.220,YES,137905069420542,406,34624,850,310410,29,-87,-10,WALKING,406.0,0,27,-85,-9,2,-2,-1
11-21 15:14:58.733,YES,137907574286208,406,34624,850,310410,30,-83,-9,WALKING,406.0,0,27,-85,-9,3,2,0
11-21 15:15:01.234,YES,137910075837499,406,34624,850,310410,30,-83,-9,WALKING,406.0,0,27,-85,-9,3,2,0
11-21 15:15:03.729,YES,137912577496863,406,34624,850,310410,29,-86,-9,WALKING,406.0,0,27,-85,-9,2,-1,0
11-21 15:15:06.238,YES,137915081056175,406,34624,850,310410,29,-86,-9,WALKING,406.0,0,27,-85,-9,2,-1,0
11-21 15:15:08.370,YES,137917216420554,406,34624,850,310410,28,-86,-8,WALKING,406.0,0,27,-85,-9,1,-1,1
11-21 15:15:10.812,YES,137919655204964,406,34624,850,310410,28,-90,-10,WALKING,406.0,0,27,-85,-9,1,-5,-1
11-21 15:15:13.312,YES,137922162185370,406,34624,850,310410,24,-98,-10,WALKING,406.0,0,27,-85,-9,-3,-13,-1
11-21 15:15:15.819,YES,137924667095776,406,34624,850,310410,24,-96,-11,WALKING,406.0,0,27,-85,-9,-3,-11,-2
11-21 15:15:18.328,YES,137927169817327,406,34624,850,310410,24,-98,-12,WALKING,406.0,0,27,-85,-9,-3,-13,-3
11-21 15:15:20.818,YES,137929668921690,406,34624,850,310410,24,-99,-13,WALKING,406.0,0,27,-85,-9,-3,-14,-4
11-21 15:15:22.881,YES,137931700228820,406,34624,850,310410,23,-98,-10,WALKING,406.0,0,27,-85,-9,-4,-13,-1
11-21 15:15:28.791,YES,137932892690189,406,34624,850,310410,23,-99,-11,WALKING,406.0,0,27,-85,-9,-4,-14,-2
11-21 15:15:31.329,YES,137934500580453,406,34624,850,310410,23,-100,-10,WALKING,406.0,0,27,-85,-9,-4,-15,-1
11-21 15:15:33.835,YES,137937009863151,406,34624,850,310410,21,-104,-12,WALKING,406.0,0,27,-85,-9,-6,-19,-3
11-21 15:15:36.350,YES,137939521365849,406,34624,850,310410,21,-106,-14,WALKING,406.0,0,27,-85,-9,-6,-21,-5
11-21 15:15:38.855,YES,137942046313965,406,34624,850,310410,19,-109,-12,WALKING,406.0,0,27,-85,-9,-8,-24,-3
11-21 15:15:41.322,YES,137944514726867,406,34624,850,310410,20,-106,-11,WALKING,406.0,0,27,-85,-9,-7,-21,-2
11-21 15:15:43.852,YES,137947032190191,406,34624,850,310410,17,-112,-12,WALKING,406.0,0,27,-85,-9,-10,-27,-3
11-21 15:15:46.867,YES,137950051542731,406,34624,850,310410,19,-107,-11,WALKING,406.0,0,27,-85,-9,-8,-22,-2
11-21 15:15:48.924,YES,137952105275957,406,34624,850,310410,15,-114,-9,WALKING,406.0,0,27,-85,-9,-12,-29,0
11-21 15:15:51.038,YES,137954214521219,406,34624,850,310410,16,-113,-11,WALKING,406.0,0,27,-85,-9,-11,-28,-2
11-21 15:15:53.410,YES,137956604791926,406,34624,850,310410,19,-110,-15,WALKING,406.0,0,27,-85,-9,-8,-25,-6
11-21 15:15:55.914,YES,137959106617904,406,34624,850,310410,16,-114,-12,WALKING,406.0,0,27,-85,-9,-11,-29,-3
11-21 15:15:58.400,YES,137961523266374,406,34624,850,310410,18,-107,-10,WALKING,406.0,0,27,-85,-9,-9,-22,-1
11-21 15:16:00.413,YES,137963607473665,406,34624,850,310410,16,-114,-11,WALKING,406.0,0,27,-85,-9,-11,-29,-2
11-21 15:16:02.915,YES,137966109725060,406,34624,850,310410,15,-117,-13,WALKING,406.0,0,27,-85,-9,-12,-32,-4
11-21 15:16:04.955,YES,137968134717345,406,34624,850,310410,13,-122,-13,WALKING,406.0,0,27,-85,-9,-14,-37,-4
11-21 15:16:07.473,YES,137970651186919,406,34624,850,310410,16,-116,-13,NOVALUE,406.0,0,27,-85,-9,-11,-31,-4
11-21 15:16:32.097,YES,137971631829100,406,34624,850,310410,19,-106,-10,NOVALUE,406.0,0,27,-85,-9,-8,-21,-1
11-21 15:16:34.557,YES,137973955176831,406,34624,850,310410,15,-117,-12,NOVALUE,406.0,0,27,-85,-9,-12,-32,-3
11-21 15:16:36.557,YES,137976116889495,406,34624,850,310410,14,-120,-15,NOVALUE,406.0,0,27,-85,-9,-13,-35,-6
11-21 15:16:39.048,YES,137978393718628,406,34624,850,310410,14,-118,-12,NOVALUE,406.0,0,27,-85,-9,-13,-33,-3
11-21 15:16:41.051,YES,137980440412373,406,34624,850,310410,15,-114,-10,NOVALUE,406.0,0,27,-85,-9,-12,-29,-1
11-21 15:16:43.084,YES,137982638274884,406,34624,850,310410,18,-109,-12,NOVALUE,406.0,0,27,-85,-9,-9,-24,-3
11-21 15:16:45.562,YES,137984952612354,406,34624,850,310410,18,-111,-13,NOVALUE,406.0,0,27,-85,-9,-9,-26,-4
11-21 15:16:47.556,YES,137986969481774,406,34624,850,310410,20,-107,-12,NOVALUE,406.0,0,27,-85,-9,-7,-22,-3
11-21 15:16:49.570,YES,137989126654384,406,34624,850,310410,18,-107,-10,NOVALUE,406.0,0,27,-85,-9,-9,-22,-1
11-21 15:16:52.069,YES,137991393921173,406,34624,850,310410,20,-104,-11,NOVALUE,406.0,0,27,-85,-9,-7,-19,-2
11-21 15:16:54.068,YES,137993627752802,406,34624,850,310410,19,-107,-11,NOVALUE,406.0,0,27,-85,-9,-8,-22,-2
11-21 15:16:56.594,YES,137996137553885,406,34624,850,310410,17,-111,-10,NOVALUE,406.0,0,27,-85,-9,-10,-26,-1
11-21 15:16:59.114,YES,137998386158484,406,34624,850,310410,18,-110,-12,NOVALUE,406.0,0,27,-85,-9,-9,-25,-3
11-21 15:17:01.078,YES,138000634825739,406,34624,850,310410,18,-111,-12,NOVALUE,406.0,0,27,-85,-9,-9,-26,-3
11-21 15:17:03.577,YES,138003133829999,406,34624,850,310410,17,-111,-10,NOVALUE,406.0,0,27,-85,-9,-10,-26,-1
11-21 15:17:06.070,YES,138005382217358,406,34624,850,310410,15,-115,-11,NOVALUE,406.0,0,27,-85,-9,-12,-30,-2
11-21 15:17:08.131,YES,138007687106754,406,34624,850,310410,16,-112,-11,NOVALUE,406.0,0,27,-85,-9,-11,-27,-2
11-21 15:17:10.596,YES,138010145234343,406,34624,850,310410,17,-115,-13,NOVALUE,406.0,0,27,-85,-9,-10,-30,-4
11-21 15:17:13.088,YES,138012646680425,406,34624,850,310410,16,-114,-11,NOVALUE,406.0,0,27,-85,-9,-11,-29,-2
11-21 15:17:15.603,YES,138015152588696,406,34624,850,310410,18,-113,-14,NOVALUE,406.0,0,27,-85,-9,-9,-28,-5
11-21 15:17:18.096,YES,138017649010090,406,34624,850,310410,17,-110,-8,NOVALUE,406.0,0,27,-85,-9,-10,-25,1
11-21 15:17:20.623,YES,138020165789872,406,34624,850,310410,23,-103,-13,NOVALUE,406.0,0,27,-85,-9,-4,-18,-4
11-21 15:17:23.097,YES,138022652360016,406,34624,850,310410,22,-99,-10,NOVALUE,406.0,0,27,-85,-9,-5,-14,-1
11-21 15:17:25.601,YES,138025148225733,406,34624,850,310410,23,-100,-11,NOVALUE,406.0,0,27,-85,-9,-4,-15,-2
11-21 15:17:28.103,YES,138027655786868,406,34624,850,310410,25,-101,-16,NOVALUE,406.0,0,27,-85,-9,-2,-16,-7
11-21 15:17:30.613,YES,138030165125556,406,34624,850,310410,22,-100,-10,NOVALUE,406.0,0,27,-85,-9,-5,-15,-1
11-21 15:17:33.113,YES,138032667180336,406,34624,850,310410,22,-102,-11,NOVALUE,406.0,0,27,-85,-9,-5,-17,-2
11-21 15:17:35.604,YES,138035165541731,406,34624,850,310410,22,-101,-11,NOVALUE,406.0,0,27,-85,-9,-5,-16,-2
11-21 15:17:38.114,YES,138037672510470,406,34624,850,310410,23,-102,-13,NOVALUE,406.0,0,27,-85,-9,-4,-17,-4
11-21 15:17:40.630,YES,138040182293220,406,34624,850,310410,23,-100,-12,NOVALUE,406.0,0,27,-85,-9,-4,-15,-3
11-21 15:17:43.113,YES,138042672059094,406,34624,850,310410,22,-101,-12,NOVALUE,406.0,0,27,-85,-9,-5,-16,-3
11-21 15:17:45.653,YES,138045175343041,406,34624,850,310410,23,-101,-12,NOVALUE,406.0,0,27,-85,-9,-4,-16,-3
11-21 15:17:48.115,YES,138047674823446,406,34624,850,310410,21,-101,-10,NOVALUE,406.0,0,27,-85,-9,-6,-16,-1
11-21 15:17:50.641,YES,138050201988802,406,34624,850,310410,23,-100,-12,NOVALUE,406.0,0,27,-85,-9,-4,-15,-3
11-21 15:17:52.695,YES,138052218469784,406,34624,850,310410,21,-100,-9,NOVALUE,406.0,0,27,-85,-9,-6,-15,0
11-21 15:17:55.124,YES,138054684254405,406,34624,850,310410,21,-102,-10,NOVALUE,406.0,0,27,-85,-9,-6,-17,-1
11-21 15:17:57.624,YES,138057185659810,406,34624,850,310410,24,-100,-15,NOVALUE,406.0,0,27,-85,-9,-3,-15,-6
11-21 15:18:00.130,YES,138059685902351,406,34624,850,310410,21,-102,-11,NOVALUE,406.0,0,27,-85,-9,-6,-17,-2
11-21 15:18:02.625,YES,138062185037027,406,34624,850,310410,22,-100,-11,NOVALUE,406.0,0,27,-85,-9,-5,-15,-2
11-21 15:18:05.152,YES,138064690839047,406,34624,850,310410,24,-102,-15,NOVALUE,406.0,0,27,-85,-9,-3,-17,-6
11-21 15:18:07.643,YES,138067202343777,406,34624,850,310410,24,-101,-13,NOVALUE,406.0,0,27,-85,-9,-3,-16,-4
11-21 15:18:10.146,YES,138069705659391,406,34624,850,310410,21,-105,-11,NOVALUE,406.0,0,27,-85,-9,-6,-20,-2
11-21 15:18:12.672,YES,138072225904329,406,34624,850,310410,22,-102,-12,NOVALUE,406.0,0,27,-85,-9,-5,-17,-3
11-21 15:18:15.136,YES,138074292924066,406,34624,850,310410,22,-104,-14,NOVALUE,406.0,0,27,-85,-9,-5,-19,-5
11-21 15:18:17.153,YES,138076703670973,406,34624,850,310410,23,-102,-12,NOVALUE,406.0,0,27,-85,-9,-4,-17,-3
11-21 15:18:19.647,YES,138079206734191,406,34624,850,310410,22,-103,-11,NOVALUE,406.0,0,27,-85,-9,-5,-18,-2
11-21 15:18:22.156,YES,138081712210951,406,34624,850,310410,21,-104,-12,NOVALUE,406.0,0,27,-85,-9,-6,-19,-3
11-21 15:18:24.673,YES,138084215665211,406,34624,850,310410,22,-103,-10,NOVALUE,406.0,0,27,-85,-9,-5,-18,-1
11-21 15:18:27.145,YES,138086595160813,406,34624,850,310410,22,-102,-11,NOVALUE,406.0,0,27,-85,-9,-5,-17,-2
11-21 15:18:29.193,YES,138088725156702,406,34624,850,310410,24,-103,-15,NOVALUE,406.0,0,27,-85,-9,-3,-18,-6
11-21 15:18:31.675,YES,138091228112629,406,34624,850,310410,21,-105,-11,NOVALUE,406.0,0,27,-85,-9,-6,-20,-2
11-21 15:18:34.157,YES,138093716478137,406,34624,850,310410,20,-106,-11,NOVALUE,406.0,0,27,-85,-9,-7,-21,-2
11-21 15:18:36.175,YES,138095728774691,406,34624,850,310410,21,-107,-14,NOVALUE,406.0,0,27,-85,-9,-6,-22,-5
11-21 15:18:38.670,YES,138098228767232,406,34624,850,310410,21,-105,-10,NOVALUE,406.0,0,27,-85,-9,-6,-20,-1
11-21 15:18:41.183,YES,138100733171961,406,34624,850,310410,20,-107,-12,NOVALUE,406.0,0,27,-85,-9,-7,-22,-3
11-21 15:18:43.673,YES,138103229662991,406,34624,850,310410,20,-107,-11,NOVALUE,406.0,0,27,-85,-9,-7,-22,-2
11-21 15:18:46.188,YES,138105739698085,406,34624,850,310410,19,-106,-10,NOVALUE,406.0,0,27,-85,-9,-8,-21,-1
11-21 15:18:48.673,YES,138108229728749,406,34624,850,310410,20,-106,-11,NOVALUE,406.0,0,27,-85,-9,-7,-21,-2
11-21 15:18:51.242,YES,138110776607857,406,34624,850,310410,20,-106,-12,NOVALUE,406.0,0,27,-85,-9,-7,-21,-3
11-21 15:18:53.686,YES,138113240438571,406,34624,850,310410,20,-106,-11,NOVALUE,406.0,0,27,-85,-9,-7,-21,-2
11-21 15:18:56.229,YES,138115764950385,406,34624,850,310410,19,-107,-10,NOVALUE,406.0,0,27,-85,-9,-8,-22,-1
11-21 15:18:58.705,YES,138118266150062,406,34624,850,310410,20,-105,-11,NOVALUE,406.0,0,27,-85,-9,-7,-20,-2
11-21 15:19:01.231,YES,138120771407603,406,34624,850,310410,20,-106,-12,NOVALUE,406.0,0,27,-85,-9,-7,-21,-3
11-21 15:19:03.727,YES,138123268510299,406,34624,850,310410,20,-104,-10,NOVALUE,406.0,0,27,-85,-9,-7,-19,-1
11-21 15:19:06.220,YES,138125781224039,406,34624,850,310410,20,-106,-12,NOVALUE,406.0,0,27,-85,-9,-7,-21,-3
11-21 15:19:08.764,YES,138128308735697,406,34624,850,310410,19,-106,-10,NOVALUE,406.0,0,27,-85,-9,-8,-21,-1
11-21 15:19:11.290,YES,138130821810062,406,34624,850,310410,20,-105,-12,NOVALUE,406.0,0,27,-85,-9,-7,-20,-3
11-21 15:19:13.821,YES,138133370415733,406,34624,850,310410,20,-106,-10,NOVALUE,406.0,0,27,-85,-9,-7,-21,-1
11-21 15:19:16.288,YES,138135832667176,406,34624,850,310410,20,-105,-11,NOVALUE,406.0,0,27,-85,-9,-7,-20,-2
11-21 15:19:18.810,YES,138138342081905,406,34624,850,310410,21,-105,-12,NOVALUE,406.0,0,27,-85,-9,-6,-20,-3
11-21 15:19:21.328,YES,138140853868770,406,34624,850,310410,20,-105,-11,NOVALUE,406.0,0,27,-85,-9,-7,-20,-2
11-21 15:19:23.817,YES,138143358785270,406,34624,850,310410,21,-106,-15,NOVALUE,406.0,0,27,-85,-9,-6,-21,-6
11-21 15:19:26.334,YES,138145867903801,406,34624,850,310410,21,-106,-11,NOVALUE,406.0,0,27,-85,-9,-6,-21,-2
11-21 15:19:28.805,YES,138148367550716,406,34624,850,310410,20,-106,-11,NOVALUE,406.0,0,27,-85,-9,-7,-21,-2
11-21 15:19:31.347,YES,138150881971852,406,34624,850,310410,20,-106,-12,NOVALUE,406.0,0,27,-85,-9,-7,-21,-3
11-21 15:19:33.809,YES,138153366300902,406,34624,850,310410,20,-105,-12,NOVALUE,406.0,0,27,-85,-9,-7,-20,-3
11-21 15:19:36.357,YES,138155899355529,406,34624,850,310410,20,-106,-11,NOVALUE,406.0,0,27,-85,-9,-7,-21,-2
11-21 15:19:38.931,YES,138158457955055,406,34624,850,310410,20,-106,-11,NOVALUE,406.0,0,27,-85,-9,-7,-21,-2
11-21 15:19:41.387,YES,138160919155040,406,34624,850,310410,20,-106,-11,NOVALUE,406.0,0,27,-85,-9,-7,-21,-2
11-21 15:19:43.887,YES,138163427826331,406,34624,850,310410,19,-106,-10,NOVALUE,406.0,0,27,-85,-9,-8,-21,-1
11-21 15:19:46.397,YES,138165944657311,406,34624,850,310410,20,-106,-11,NOVALUE,406.0,0,27,-85,-9,-7,-21,-2
11-21 15:19:48.930,YES,138168456081832,406,34624,850,310410,20,-106,-12,NOVALUE,406.0,0,27,-85,-9,-7,-21,-3
11-21 15:19:51.426,YES,138170967496718,406,34624,850,310410,20,-106,-10,NOVALUE,406.0,0,27,-85,-9,-7,-21,-1
11-21 15:19:53.972,YES,138173517963170,406,34624,850,310410,19,-106,-10,NOVALUE,406.0,0,27,-85,-9,-8,-21,-1
11-21 15:19:56.463,YES,138175992762531,406,34624,850,310410,19,-106,-10,NOVALUE,406.0,0,27,-85,-9,-8,-21,-1
11-21 15:19:58.965,YES,138178505036062,406,34624,850,310410,20,-105,-11,NOVALUE,406.0,0,27,-85,-9,-7,-20,-2
11-21 15:20:01.469,YES,138181017011417,406,34624,850,310410,22,-104,-12,NOVALUE,406.0,0,27,-85,-9,-5,-19,-3
11-21 15:20:03.994,YES,138183533736563,406,34624,850,310410,23,-104,-14,NOVALUE,406.0,0,27,-85,-9,-4,-19,-5
11-21 15:20:06.515,YES,138186055167908,406,34624,850,310410,21,-103,-9,NOVALUE,406.0,0,27,-85,-9,-6,-18,0
11-21 15:20:09.035,YES,138188584010452,406,34624,850,310410,20,-104,-11,NOVALUE,406.0,0,27,-85,-9,-7,-19,-2
11-21 15:20:11.531,YES,138191063371064,406,34624,850,310410,22,-103,-11,NOVALUE,406.0,0,27,-85,-9,-5,-18,-2
11-21 15:20:14.030,YES,138193573191522,406,34624,850,310410,20,-105,-11,NOVALUE,406.0,0,27,-85,-9,-7,-20,-2
11-21 15:20:16.572,YES,138196097142867,406,34624,850,310410,21,-102,-10,NOVALUE,406.0,0,27,-85,-9,-6,-17,-1
11-21 15:20:19.077,YES,138198607687701,406,34624,850,310410,20,-105,-10,NOVALUE,406.0,0,27,-85,-9,-7,-20,-1
11-21 15:20:21.572,YES,138201116063002,406,34624,850,310410,20,-105,-10,NOVALUE,406.0,0,27,-85,-9,-7,-20,-1
11-21 15:20:24.129,YES,138203679913675,406,34624,850,310410,20,-105,-11,NOVALUE,406.0,0,27,-85,-9,-7,-20,-2
11-21 15:20:26.610,YES,138206141573816,406,34624,850,310410,20,-105,-11,NOVALUE,406.0,0,27,-85,-9,-7,-20,-2
11-21 15:20:29.107,YES,138208646738961,406,34624,850,310410,20,-106,-11,NOVALUE,406.0,0,27,-85,-9,-7,-21,-2
11-21 15:20:31.618,YES,138211162374889,406,34624,850,310410,20,-106,-10,NOVALUE,406.0,0,27,-85,-9,-7,-21,-1
11-21 15:20:34.137,YES,138213671485816,406,34624,850,310410,23,-103,-15,NOVALUE,406.0,0,27,-85,-9,-4,-18,-6
11-21 15:20:36.644,YES,138216183290545,406,34624,850,310410,20,-104,-10,NOVALUE,406.0,0,27,-85,-9,-7,-19,-1
11-21 15:20:39.154,YES,138218693273295,406,34624,850,310410,20,-105,-10,NOVALUE,406.0,0,27,-85,-9,-7,-20,-1
11-21 15:20:41.670,YES,138221200708805,406,34624,850,310410,20,-105,-11,NOVALUE,406.0,0,27,-85,-9,-7,-20,-2
11-21 15:20:44.171,YES,138223715710827,406,34624,850,310410,21,-105,-11,NOVALUE,406.0,0,27,-85,-9,-6,-20,-2
11-21 15:20:46.680,YES,138226221808108,406,34624,850,310410,20,-105,-10,NOVALUE,406.0,0,27,-85,-9,-7,-20,-1
11-21 15:20:49.207,YES,138228741438411,406,34624,850,310410,20,-105,-11,NOVALUE,406.0,0,27,-85,-9,-7,-20,-2
11-21 15:20:51.673,YES,138231234880274,406,34624,850,310410,19,-106,-10,NOVALUE,406.0,0,27,-85,-9,-8,-21,-1
11-21 15:20:53.740,YES,138233264177403,406,34624,850,310410,20,-105,-11,NOVALUE,406.0,0,27,-85,-9,-7,-20,-2
11-21 15:20:56.227,YES,138235770446715,406,34624,850,310410,19,-106,-11,NOVALUE,406.0,0,27,-85,-9,-8,-21,-2
11-21 15:20:58.748,YES,138238297080144,406,34624,850,310410,21,-106,-14,NOVALUE,406.0,0,27,-85,-9,-6,-21,-5
11-21 15:21:01.689,YES,138241015903800,406,34624,850,310410,20,-106,-11,NOVALUE,406.0,0,27,-85,-9,-7,-21,-2
11-21 15:21:05.819,YES,138241533046716,406,34624,850,310410,19,-106,-11,NOVALUE,406.0,0,27,-85,-9,-8,-21,-2
11-21 15:21:08.318,YES,138244034130663,406,34624,850,310410,20,-106,-12,NOVALUE,406.0,0,27,-85,-9,-7,-21,-3
11-21 15:21:10.805,YES,138246533582527,406,34624,850,310410,20,-106,-11,NOVALUE,406.0,0,27,-85,-9,-7,-21,-2
11-21 15:21:12.958,YES,138248695821232,406,34624,850,310410,20,-106,-11,NOVALUE,406.0,0,27,-85,-9,-7,-21,-2
11-21 15:21:15.484,YES,138251194997106,406,34624,850,310410,20,-106,-11,NOVALUE,406.0,0,27,-85,-9,-7,-21,-2
11-21 15:21:20.947,YES,138251874835663,406,34624,850,310410,20,-105,-12,NOVALUE,406.0,0,27,-85,-9,-7,-20,-3
11-21 15:21:23.288,YES,138253507423065,406,34624,850,310410,21,-104,-11,NOVALUE,406.0,0,27,-85,-9,-6,-19,-2
11-21 15:21:27.112,YES,138254742685845,406,34624,850,310410,20,-104,-11,NOVALUE,406.0,0,27,-85,-9,-7,-19,-2
11-21 15:21:30.124,YES,138255238649279,406,34624,850,310410,20,-106,-11,NOVALUE,406.0,0,27,-85,-9,-7,-21,-2
11-21 15:21:34.660,YES,138256237061046,406,34624,850,310410,21,-106,-15,NOVALUE,406.0,0,27,-85,-9,-6,-21,-6
11-21 15:21:39.110,YES,138257248195365,406,34624,850,310410,20,-106,-10,NOVALUE,406.0,0,27,-85,-9,-7,-21,-1
11-21 15:21:41.625,YES,138259757522803,406,34624,850,310410,21,-105,-14,NOVALUE,406.0,0,27,-85,-9,-6,-20,-5
11-21 15:21:43.847,YES,138260241878372,406,34624,850,310410,20,-106,-11,NOVALUE,406.0,0,27,-85,-9,-7,-21,-2
11-21 15:21:52.021,YES,138260788101134,406,34624,850,310410,20,-105,-12,NOVALUE,406.0,0,27,-85,-9,-7,-20,-3
11-21 15:21:54.255,YES,138261927625310,406,34624,850,310410,19,-107,-11,NOVALUE,406.0,0,27,-85,-9,-8,-22,-2
11-21 15:22:08.997,YES,138263611362770,406,34624,850,310410,19,-107,-10,NOVALUE,406.0,0,27,-85,-9,-8,-22,-1
11-21 15:22:11.161,YES,138265540745045,406,34624,850,310410,19,-106,-10,NOVALUE,406.0,0,27,-85,-9,-8,-21,-1
11-21 15:22:15.642,YES,138266862533250,406,34624,850,310410,21,-107,-15,NOVALUE,406.0,0,27,-85,-9,-6,-22,-6
11-21 15:22:22.377,YES,138269348121727,406,34624,850,310410,22,-105,-15,NOVALUE,406.0,0,27,-85,-9,-5,-20,-6
11-21 15:22:35.670,YES,138270036822889,406,34624,850,310410,20,-107,-11,NOVALUE,406.0,0,27,-85,-9,-7,-22,-2
11-21 15:22:45.206,YES,138270543048304,406,34624,850,310410,20,-106,-13,NOVALUE,406.0,0,27,-85,-9,-7,-21,-4
11-21 15:22:47.480,YES,138272337580722,406,34624,850,310410,20,-105,-12,NOVALUE,406.0,0,27,-85,-9,-7,-20,-3
11-21 15:22:49.888,YES,138273261432689,406,34624,850,310410,20,-107,-11,NOVALUE,406.0,0,27,-85,-9,-7,-22,-2
11-21 15:23:10.756,YES,138274341500922,406,34624,850,310410,20,-106,-11,NOVALUE,406.0,0,27,-85,-9,-7,-21,-2
11-21 15:23:13.272,YES,138276844111328,406,34624,850,310410,20,-105,-11,NOVALUE,406.0,0,27,-85,-9,-7,-20,-2
11-21 15:24:50.819,YES,138277900624662,406,34624,850,310410,20,-104,-9,NOVALUE,406.0,0,27,-85,-9,-7,-19,0
11-21 15:24:51.307,YES,138277908444923,406,34624,850,310410,20,-104,-9,NOVALUE,406.0,0,27,-85,-9,-7,-19,0
11-21 15:26:18.282,YES,138279113517804,406,34624,850,310410,22,-105,-14,NOVALUE,406.0,0,27,-85,-9,-5,-20,-5
11-21 15:26:39.783,YES,138280317407299,406,34624,850,310410,20,-104,-10,NOVALUE,406.0,0,27,-85,-9,-7,-19,-1
11-21 15:27:54.950,YES,138280841378445,406,34624,850,310410,23,-104,-15,NOVALUE,406.0,0,27,-85,-9,-4,-19,-6
11-21 15:28:51.897,YES,138283234711391,406,34624,850,310410,20,-104,-11,NOVALUE,406.0,0,27,-85,-9,-7,-19,-2
11-21 15:28:53.956,YES,138285357384936,406,34624,850,310410,21,-105,-9,NOVALUE,406.0,0,27,-85,-9,-6,-20,0
11-21 15:28:56.422,YES,138287842951382,406,34624,850,310410,20,-103,-9,NOVALUE,406.0,0,27,-85,-9,-7,-18,0
11-21 15:28:58.909,YES,138290333734078,406,34624,850,310410,22,-104,-11,NOVALUE,406.0,0,27,-85,-9,-5,-19,-2
11-21 15:29:01.443,YES,138292859680371,406,34624,850,310410,21,-103,-12,NOVALUE,406.0,0,27,-85,-9,-6,-18,-3
11-21 15:29:03.911,YES,138295338012337,406,34624,850,310410,22,-104,-10,NOVALUE,406.0,0,27,-85,-9,-5,-19,-1
11-21 15:29:06.414,YES,138297840863419,406,34624,850,310410,21,-103,-11,NOVALUE,406.0,0,27,-85,-9,-6,-18,-2
11-21 15:29:08.459,YES,138299868637059,406,34624,850,310410,20,-103,-10,NOVALUE,406.0,0,27,-85,-9,-7,-18,-1
11-21 15:29:10.974,YES,138302374883350,406,34624,850,310410,21,-103,-11,NOVALUE,406.0,0,27,-85,-9,-6,-18,-2
11-21 15:29:13.471,YES,138304879420214,406,34624,850,310410,21,-103,-11,NOVALUE,406.0,0,27,-85,-9,-6,-18,-2
11-21 15:29:16.029,YES,138307442149584,406,34624,850,310410,21,-103,-11,NOVALUE,406.0,0,27,-85,-9,-6,-18,-2
11-21 15:29:18.491,YES,138309895050974,406,34624,850,310410,20,-103,-10,NOVALUE,406.0,0,27,-85,-9,-7,-18,-1
11-21 15:29:20.999,YES,138312405829870,406,34624,850,310410,21,-102,-9,NOVALUE,406.0,0,27,-85,-9,-6,-17,0
11-21 15:29:23.506,YES,138314914916526,406,34624,850,310410,20,-105,-11,NOVALUE,406.0,0,27,-85,-9,-7,-20,-2
11-21 15:29:26.028,YES,138317425894797,406,34624,850,310410,21,-105,-11,NOVALUE,406.0,0,27,-85,-9,-6,-20,-2
11-21 15:30:00.920,YES,138319217576643,406,34624,850,310410,22,-102,-12,NOVALUE,406.0,0,27,-85,-9,-5,-17,-3
11-21 15:30:41.736,YES,138320035662557,406,34624,850,310410,23,-102,-14,NOVALUE,406.0,0,27,-85,-9,-4,-17,-5
11-21 15:30:59.548,YES,138320540394014,406,34624,850,310410,22,-103,-13,NOVALUE,406.0,0,27,-85,-9,-5,-18,-4
11-21 15:33:17.825,YES,138321502571870,406,34624,850,310410,21,-103,-11,NOVALUE,406.0,0,25,-94,-9,-4,-9,-2
11-21 15:33:19.878,YES,138323558635044,406,34624,850,310410,22,-102,-10,NOVALUE,406.0,0,25,-94,-9,-3,-8,-1
11-21 15:33:52.705,YES,138324176416251,406,34624,850,310410,21,-104,-11,NOVALUE,406.0,0,27,-85,-9,-6,-19,-2
11-21 15:35:08.558,YES,138324673098696,406,34624,850,310410,20,-104,-11,NOVALUE,406.0,0,25,-94,-9,-5,-10,-2
11-21 15:36:31.753,YES,138325209400677,406,34624,850,310410,21,-104,-11,NOVALUE,406.0,0,25,-94,-9,-4,-10,-2
11-21 15:36:37.741,YES,138325687983798,406,34624,850,310410,22,-102,-13,NOVALUE,406.0,0,25,-94,-9,-3,-8,-4
11-21 15:36:39.794,YES,138327719776656,406,34624,850,310410,23,-102,-15,NOVALUE,406.0,0,25,-94,-9,-2,-8,-6
11-21 15:38:13.772,YES,138328773152230,406,34624,850,310410,23,-103,-14,NOVALUE,406.0,0,27,-85,-9,-4,-18,-5
11-21 15:38:24.826,YES,138329212812013,406,34624,850,310410,22,-105,-12,NOVALUE,406.0,0,27,-85,-9,-5,-20,-3
11-21 15:41:55.940,YES,138329563871684,406,34624,850,310410,22,-103,-10,NOVALUE,406.0,0,15,-109,-16,7,6,6
11-21 15:41:57.965,YES,138331774090446,406,34624,850,310410,20,-105,-12,NOVALUE,406.0,0,14,-111,-15,6,6,3
11-21 15:42:00.460,YES,138334268563038,406,34624,850,310410,22,-102,-11,NOVALUE,406.0,0,16,-109,-16,6,7,5
11-21 15:42:02.965,YES,138336772782350,406,34624,850,310410,21,-104,-12,NOVALUE,406.0,0,14,-110,-14,7,6,2
11-21 15:42:05.457,YES,138339269167703,406,34624,850,310410,22,-102,-11,NOVALUE,406.0,0,15,-109,-16,7,7,5
11-21 15:42:07.968,YES,138341780044203,406,34624,850,310410,21,-104,-12,NOVALUE,406.0,0,16,-111,-16,5,7,4
11-21 15:42:10.476,YES,138344286440859,406,34624,850,310410,21,-102,-11,NOVALUE,406.0,0,14,-109,-14,7,7,3
11-21 15:42:12.972,YES,138346442000553,406,34624,850,310410,22,-103,-12,NOVALUE,406.0,0,13,-110,-13,9,7,1
11-21 15:42:15.004,YES,138348807598653,406,34624,850,310410,21,-103,-10,NOVALUE,406.0,0,14,-115,-18,7,12,8
11-21 15:42:17.516,YES,138351317629945,406,34624,850,310410,20,-104,-10,NOVALUE,406.0,0,14,-115,-19,6,11,9
11-21 15:42:20.022,YES,138353826613528,406,34624,850,310410,22,-102,-12,NOVALUE,406.0,0,15,-113,-19,7,11,7
11-21 15:42:22.563,YES,138356370468573,406,34624,850,310410,21,-104,-13,NOVALUE,406.0,0,14,-115,-20,7,11,7
11-21 15:42:55.760,YES,138357838310646,406,34624,850,310410,22,-102,-11,NOVALUE,406.0,0,15,-111,-18,7,9,7
11-21 15:42:57.885,YES,138359956861847,406,34624,850,310410,21,-103,-11,NOVALUE,406.0,0,15,-111,-19,6,8,8
11-21 15:43:22.802,YES,138360466989450,406,34624,850,310410,21,-103,-10,NOVALUE,406.0,0,14,-112,-18,7,9,8
11-21 15:43:58.793,YES,138360907744442,406,34624,850,310410,23,-99,-10,NOVALUE,406.0,0,16,-105,-12,7,6,2
11-21 15:45:01.931,YES,138361266874581,406,34624,850,310410,23,-99,-11,NOVALUE,406.0,0,17,-105,-14,6,6,3
11-21 15:46:04.988,YES,138362067204036,406,34624,850,310410,24,-99,-12,NOVALUE,406.0,0,0,-1000,-1000,24,901,988
11-21 15:46:10.709,YES,138362571769243,406,34624,850,310410,25,-99,-14,NOVALUE,406.0,0,0,-1000,-1000,25,901,986
11-21 15:46:40.067,YES,138363226284256,406,34624,850,310410,22,-100,-10,NOVALUE,406.0,0,16,-107,-17,6,7,7
11-21 15:47:07.800,YES,138363706566283,406,34624,850,310410,26,-98,-15,NOVALUE,406.0,0,20,-105,-20,6,7,5
11-21 15:48:17.943,YES,138364031057201,406,34624,850,310410,23,-99,-11,NOVALUE,406.0,0,17,-107,-18,6,8,7
11-21 15:48:25.796,YES,138364764255503,406,34624,850,310410,23,-100,-11,NOVALUE,406.0,0,17,-102,-13,6,2,2
11-21 15:50:25.786,YES,138365216758204,406,34624,850,310410,24,-99,-11,NOVALUE,406.0,0,16,-105,-14,8,6,3
11-21 15:50:32.071,YES,138365864667123,406,34624,850,310410,24,-100,-13,NOVALUE,406.0,0,16,-103,-11,8,3,-2
11-21 15:52:59.718,YES,138366606740478,406,34624,850,310410,22,-101,-11,NOVALUE,406.0,0,16,-105,-15,6,4,4
11-21 15:53:15.705,YES,138366987622703,406,34624,850,310410,22,-100,-11,NOVALUE,406.0,0,16,-111,-15,6,11,4
11-21 15:56:39.706,YES,138367641135737,406,34624,850,310410,21,-101,-10,NOVALUE,406.0,0,15,-110,-15,6,9,5
11-21 15:57:23.803,YES,138368143224121,406,34624,850,310410,23,-100,-12,NOVALUE,406.0,0,17,-106,-16,6,6,4
11-21 15:57:26.300,YES,138370639389474,406,34624,850,310410,21,-103,-10,NOVALUE,406.0,0,15,-112,-17,6,9,7
11-21 15:57:28.807,YES,138373145090088,406,34624,850,310410,22,-101,-10,NOVALUE,406.0,0,16,-106,-15,6,5,5
11-21 15:57:31.305,YES,138375643523878,406,34624,850,310410,21,-104,-12,NOVALUE,406.0,0,15,-109,-17,6,5,5
11-21 15:57:33.809,YES,138378148230847,406,34624,850,310410,24,-100,-11,NOVALUE,406.0,0,17,-103,-15,7,3,4
11-21 15:57:36.314,YES,138380652446148,406,34624,850,310410,21,-104,-12,NOVALUE,406.0,0,15,-107,-14,6,3,2
11-21 15:57:38.349,YES,138382680035152,406,34624,850,310410,21,-105,-10,NOVALUE,406.0,0,14,-106,-12,7,1,2
11-21 15:57:40.856,YES,138385186112746,406,34624,850,310410,23,-102,-13,NOVALUE,406.0,0,16,-106,-14,7,4,1
11-21 15:57:43.365,YES,138387694562579,406,34624,850,310410,21,-105,-11,NOVALUE,406.0,0,14,-109,-13,7,4,2
11-21 15:57:45.825,YES,138390100808912,406,34624,850,310410,23,-103,-11,NOVALUE,406.0,0,16,-105,-15,7,2,4
11-21 15:57:47.878,YES,138392208333914,406,34624,850,310410,21,-105,-12,NOVALUE,406.0,0,14,-107,-12,7,2,0
11-21 15:57:50.391,YES,138394715593643,406,34624,850,310410,22,-102,-12,NOVALUE,406.0,0,15,-104,-12,7,2,0
11-21 15:57:52.925,YES,138397258239000,406,34624,850,310410,23,-104,-16,NOVALUE,406.0,0,15,-107,-14,8,3,-2
11-21 15:57:55.404,YES,138399736485289,406,34624,850,310410,22,-102,-12,NOVALUE,406.0,0,16,-105,-13,6,3,1
11-21 15:59:14.762,YES,138401723206528,406,34624,850,310410,23,-103,-15,NOVALUE,406.0,0,17,-104,-15,6,1,0
11-21 16:00:01.834,YES,138402162015530,406,34624,850,310410,24,-103,-15,NOVALUE,406.0,0,17,-102,-13,7,-1,-2
11-21 16:00:46.886,YES,138402617279170,406,34624,850,310410,22,-104,-12,NOVALUE,406.0,0,15,-104,-11,7,0,-1
11-21 16:01:35.046,YES,138403240182721,406,34624,850,310410,23,-102,-10,NOVALUE,406.0,0,17,-101,-13,6,-1,3
11-21 16:02:24.701,YES,138403895073880,406,34624,850,310410,24,-103,-16,NOVALUE,406.0,0,18,-105,-17,6,2,1
11-21 16:03:24.693,YES,138404590701502,406,34624,850,310410,22,-101,-12,NOVALUE,406.0,0,16,-105,-13,6,4,1
11-21 16:08:17.717,YES,138405265849277,406,34624,850,310410,22,-103,-11,NOVALUE,406.0,0,15,-104,-11,7,1,0
11-21 16:12:56.714,YES,138405914720540,406,34624,850,310410,23,-103,-14,NOVALUE,406.0,0,17,-107,-17,6,4,3
11-21 16:12:58.764,YES,138407966067254,406,34624,850,310410,23,-103,-15,NOVALUE,406.0,0,17,-107,-18,6,4,3
11-21 16:15:01.962,YES,138408239427698,406,34624,850,310410,23,-104,-12,NOVALUE,406.0,0,0,-1000,-1000,23,896,988
11-21 16:15:07.685,YES,138409018936995,406,34624,850,310410,24,-103,-13,NOVALUE,406.0,0,0,-1000,-1000,24,897,987
11-21 16:15:09.817,YES,138409527746577,406,34624,850,310410,23,-103,-14,NOVALUE,406.0,0,0,-1000,-1000,23,897,986
11-21 16:15:48.730,YES,138410076144965,406,34624,850,310410,23,-99,-9,NOVALUE,406.0,0,15,-110,-17,8,11,8
11-21 16:18:18.738,YES,138411126394757,406,34624,850,310410,23,-99,-9,NOVALUE,406.0,0,17,-106,-16,6,7,7
11-21 16:18:21.218,YES,138413608906515,406,34624,850,310410,23,-99,-9,NOVALUE,406.0,0,15,-107,-15,8,8,6
11-21 16:18:23.721,YES,138416111677649,406,34624,850,310410,23,-99,-9,NOVALUE,406.0,0,15,-109,-16,8,10,7
11-21 16:18:25.738,YES,138418124489204,406,34624,850,310410,23,-99,-11,NOVALUE,406.0,0,17,-108,-19,6,9,8
11-21 16:18:28.254,YES,138420632619558,406,34624,850,310410,25,-99,-15,NOVALUE,406.0,0,18,-111,-20,7,12,5
11-21 16:18:30.730,YES,138423120203087,406,34624,850,310410,25,-99,-15,NOVALUE,406.0,0,18,-107,-20,7,8,5
11-21 16:18:33.220,YES,138425613565731,406,34624,850,310410,23,-99,-10,NOVALUE,406.0,0,18,-108,-20,5,9,10
11-21 16:18:35.725,YES,138428117850981,406,34624,850,310410,23,-99,-12,NOVALUE,406.0,0,15,-111,-17,8,12,5
11-21 16:18:38.238,YES,138430630610346,406,34624,850,310410,22,-99,-9,NOVALUE,406.0,0,15,-107,-14,7,8,5
11-21 16:21:47.774,YES,138431886318127,406,34624,850,310410,22,-102,-12,NOVALUE,406.0,0,18,-110,-16,4,8,4
11-21 16:22:19.320,YES,138432393174323,406,34624,850,310410,21,-103,-10,NOVALUE,406.0,0,15,-111,-16,6,8,6
11-21 16:22:21.747,YES,138432873580725,406,34624,850,310410,23,-103,-16,NOVALUE,406.0,0,17,-110,-18,6,7,2
11-21 16:22:24.688,YES,138434116717203,406,34624,850,310410,21,-102,-9,NOVALUE,406.0,0,15,-109,-15,6,7,6
11-21 16:22:34.379,YES,138435908872903,406,34624,850,310410,22,-101,-10,NOVALUE,406.0,0,15,-113,-18,7,12,8
11-21 16:23:20.745,YES,138437409829250,406,34624,850,310410,22,-99,-9,NOVALUE,406.0,0,14,-110,-16,8,11,7
11-21 16:24:02.807,YES,138437824477989,406,34624,850,310410,22,-102,-11,NOVALUE,406.0,0,15,-110,-16,7,8,5
11-21 16:27:57.730,YES,138438513342745,406,34624,850,310410,21,-102,-10,NOVALUE,406.0,0,15,-110,-16,6,8,6
11-21 16:28:07.879,YES,138441012393255,406,34624,850,310410,21,-102,-10,NOVALUE,406.0,0,14,-112,-17,7,10,7
11-21 16:30:01.722,YES,138442065991745,406,34624,850,310410,21,-102,-11,NOVALUE,406.0,0,14,-110,-15,7,8,4
11-21 16:30:03.916,YES,138444107582782,406,34624,850,310410,22,-101,-10,NOVALUE,406.0,0,14,-112,-18,8,11,8
11-21 16:30:51.754,YES,138444879676505,406,34624,850,310410,22,-100,-10,NOVALUE,406.0,0,16,-107,-14,6,7,4
11-21 16:33:03.711,YES,138445203106849,406,34624,850,310410,23,-102,-15,NOVALUE,406.0,0,18,-109,-20,5,7,5
11-21 16:36:22.871,YES,138445716447421,406,34624,850,310410,21,-103,-10,NOVALUE,406.0,0,14,-108,-14,7,5,4
11-21 16:36:25.144,YES,138447409072798,406,34624,850,310410,21,-101,-10,NOVALUE,406.0,0,14,-109,-14,7,8,4
11-21 16:36:39.776,YES,138449415008832,406,34624,850,310410,21,-103,-10,NOVALUE,406.0,0,14,-108,-14,7,5,4
11-21 16:38:23.119,YES,138450604627752,406,34624,850,310410,22,-101,-11,NOVALUE,406.0,0,14,-108,-12,8,7,1
11-21 16:38:25.656,YES,138453128414149,406,34624,850,310410,21,-102,-10,NOVALUE,406.0,0,15,-110,-17,6,8,7
11-21 16:40:44.518,YES,138454985427876,406,34624,850,310410,22,-103,-12,NOVALUE,406.0,0,16,-107,-16,6,4,4
11-21 16:40:46.526,YES,138457113466473,406,34624,850,310410,24,-99,-14,NOVALUE,406.0,0,17,-104,-15,7,5,1
11-21 16:40:49.016,YES,138459418553422,406,34624,850,310410,24,-98,-11,NOVALUE,406.0,0,17,-105,-15,7,7,4
11-21 16:40:51.020,YES,138461609803536,406,34624,850,310410,25,-96,-12,NOVALUE,406.0,0,18,-103,-17,7,7,5
11-21 16:40:53.530,YES,138464116907952,406,34624,850,310410,27,-95,-16,NOVALUE,406.0,0,19,-104,-17,8,9,1
11-21 16:40:56.021,YES,138466413504692,406,34624,850,310410,24,-97,-10,NOVALUE,406.0,0,17,-105,-16,7,8,6
11-21 16:40:58.024,YES,138468456705260,406,34624,850,310410,25,-98,-14,NOVALUE,406.0,0,17,-105,-14,8,7,0
11-21 16:41:00.069,YES,138470649422561,406,34624,850,310410,23,-99,-10,NOVALUE,406.0,0,15,-110,-17,8,11,7
11-21 16:41:02.530,YES,138473120964839,406,34624,850,310410,25,-95,-10,NOVALUE,406.0,0,18,-101,-14,7,6,4
11-21 16:41:05.026,YES,138475442768716,406,34624,850,310410,25,-96,-11,NOVALUE,406.0,0,17,-104,-16,8,8,5
11-21 16:41:07.040,YES,138477630046330,406,34624,850,310410,23,-103,-15,NOVALUE,406.0,0,15,-112,-18,8,9,3
11-21 16:41:09.537,YES,138480127353349,406,34624,850,310410,23,-103,-14,NOVALUE,406.0,0,14,-109,-15,9,6,1
11-21 16:41:12.028,YES,138482413577744,406,34624,850,310410,22,-101,-10,NOVALUE,406.0,0,15,-105,-13,7,4,3
11-21 16:41:14.034,YES,138484426045913,406,34624,850,310410,23,-100,-12,NOVALUE,406.0,0,16,-106,-15,7,6,3
11-21 16:41:16.046,YES,138486635873946,406,34624,850,310410,21,-103,-10,NOVALUE,406.0,0,14,-109,-15,7,6,5
11-21 16:41:18.557,YES,138488663731596,406,34624,850,310410,24,-100,-15,NOVALUE,406.0,0,16,-106,-15,8,6,0
11-21 16:41:20.546,YES,138491137974290,406,34624,850,310410,23,-102,-15,NOVALUE,406.0,0,16,-109,-17,7,7,2
11-21 16:41:23.052,YES,138493426713841,406,34624,850,310410,22,-101,-11,NOVALUE,406.0,0,15,-106,-13,7,5,2
11-21 16:41:25.058,YES,138495646812395,406,34624,850,310410,22,-101,-12,NOVALUE,406.0,0,15,-110,-14,7,9,2
11-21 16:41:27.566,YES,138498154982958,406,34624,850,310410,21,-103,-11,NOVALUE,406.0,0,15,-109,-15,6,6,4
11-21 16:41:30.048,YES,138500190708838,406,34624,850,310410,22,-101,-11,NOVALUE,406.0,0,15,-110,-15,7,9,4
11-21 16:41:32.054,YES,138502419289893,406,34624,850,310410,21,-103,-11,NOVALUE,406.0,0,14,-111,-16,7,8,5
11-21 16:41:34.069,YES,138504658466366,406,34624,850,310410,22,-101,-11,NOVALUE,406.0,0,15,-109,-15,7,8,4
11-21 16:41:36.572,YES,138507163066199,406,34624,850,310410,21,-103,-11,NOVALUE,406.0,0,14,-110,-15,7,7,4
11-21 16:41:39.058,YES,138509416263038,406,34624,850,310410,22,-101,-11,NOVALUE,406.0,0,16,-108,-17,6,7,6
11-21 16:41:41.074,YES,138511662168522,406,34624,850,310410,22,-103,-12,NOVALUE,406.0,0,15,-109,-16,7,6,4
11-21 16:41:43.611,YES,138514192004868,406,34624,850,310410,23,-100,-12,NOVALUE,406.0,0,16,-107,-16,7,7,4
11-21 16:41:46.078,YES,138516456307541,406,34624,850,310410,22,-102,-13,NOVALUE,406.0,0,15,-107,-14,7,5,1
11-21 16:41:48.113,YES,138518695523962,406,34624,850,310410,23,-102,-14,NOVALUE,406.0,0,16,-107,-16,7,5,2
11-21 16:41:50.622,YES,138521201089472,406,34624,850,310410,23,-101,-14,NOVALUE,406.0,0,16,-111,-20,7,10,6
11-21 16:41:53.099,YES,138523453129801,406,34624,850,310410,22,-103,-13,NOVALUE,406.0,0,15,-109,-15,7,6,2
11-21 16:41:55.130,YES,138525708753619,406,34624,850,310410,23,-101,-13,NOVALUE,406.0,0,15,-108,-15,8,7,2
11-21 16:41:57.639,YES,138528222515641,406,34624,850,310410,22,-103,-13,NOVALUE,406.0,0,14,-109,-15,8,6,2
11-21 16:42:00.105,YES,138530418949297,406,34624,850,310410,23,-101,-13,NOVALUE,406.0,0,17,-105,-15,6,4,2
11-21 16:42:02.121,YES,138532461992000,406,34624,850,310410,21,-103,-12,NOVALUE,406.0,0,16,-109,-19,5,6,7
11-21 16:42:04.155,YES,138534737529675,406,34624,850,310410,23,-101,-13,NOVALUE,406.0,0,16,-106,-14,7,5,1
11-21 16:42:06.648,YES,138537236481799,406,34624,850,310410,22,-102,-13,NOVALUE,406.0,0,15,-107,-14,7,5,1
11-21 16:42:09.145,YES,138539451210926,406,34624,850,310410,21,-103,-11,NOVALUE,406.0,0,15,-107,-14,6,4,3
11-21 16:42:11.157,YES,138541742660373,406,34624,850,310410,23,-101,-12,NOVALUE,406.0,0,16,-108,-15,7,7,3
11-21 16:42:13.670,YES,138544250237341,406,34624,850,310410,21,-102,-10,NOVALUE,406.0,0,15,-109,-16,6,7,6
11-21 16:42:16.153,YES,138546461167457,406,34624,850,310410,24,-101,-15,NOVALUE,406.0,0,16,-111,-19,8,10,4
11-21 16:42:18.182,YES,138548764871593,406,34624,850,310410,21,-103,-11,NOVALUE,406.0,0,15,-111,-16,6,8,5
11-21 16:42:20.680,YES,138551264333248,406,34624,850,310410,22,-101,-11,NOVALUE,406.0,0,15,-110,-16,7,9,5
11-21 16:42:23.165,YES,138553465781957,406,34624,850,310410,24,-103,-16,NOVALUE,406.0,0,17,-114,-20,7,11,4
11-21 16:42:25.198,YES,138555781613698,406,34624,850,310410,22,-101,-11,NOVALUE,406.0,0,15,-108,-15,7,7,4
11-21 16:42:27.701,YES,138558281732020,406,34624,850,310410,22,-104,-13,NOVALUE,406.0,0,16,-109,-18,6,5,5
11-21 16:42:30.181,YES,138560462238956,406,34624,850,310410,22,-101,-12,NOVALUE,406.0,0,15,-106,-13,7,5,1
11-21 16:42:32.209,YES,138562790692938,406,34624,850,310410,21,-104,-11,NOVALUE,406.0,0,14,-110,-12,7,6,1
11-21 16:42:34.714,YES,138565297405063,406,34624,850,310410,21,-102,-11,NOVALUE,406.0,0,15,-108,-14,6,6,3
11-21 16:42:37.193,YES,138567461112362,406,34624,850,310410,22,-102,-12,NOVALUE,406.0,0,14,-110,-14,8,8,2
11-21 16:42:39.217,YES,138569800964366,406,34624,850,310410,21,-104,-11,NOVALUE,406.0,0,14,-107,-13,7,3,2
11-21 16:42:41.704,YES,138571988206146,406,34624,850,310410,22,-102,-13,NOVALUE,406.0,0,16,-110,-17,6,8,4
11-21 16:42:43.710,YES,138574298558512,406,34624,850,310410,21,-104,-12,NOVALUE,406.0,0,16,-108,-18,5,4,6
11-21 16:42:46.222,YES,138576467509874,406,34624,850,310410,21,-102,-10,NOVALUE,406.0,0,14,-111,-17,7,9,7
