time,mRegistered,mTimeStamp,mPci,mTac,mEarfcn,mMcc+mMnc,ss,rsrp,rsrq,activity,nextAP,handoverOccured,max_ss,max_rsrp,max_rsrq,diff_in_ss,diff_in_rsrp,diff_in_rsrq
11-06 17:05:27.823,YES,963103842398,116,16185,2300,310260,19,-106,-10,UNKNOWN,116.0,0,15,-114,-15,4,8,5
11-06 17:05:29.918,YES,965204574639,116,16185,2300,310260,21,-102,-9,UNKNOWN,116.0,0,14,-113,-14,7,11,5
11-06 17:05:32.381,YES,967695762231,116,16185,2300,310260,22,-106,-12,UNKNOWN,116.0,0,14,-115,-18,8,9,6
11-06 17:05:34.873,YES,970146334089,116,16185,2300,310260,22,-103,-12,UNKNOWN,116.0,0,16,-111,-19,6,8,7
11-06 17:05:36.886,YES,972200049242,116,16185,2300,310260,20,-103,-10,UNKNOWN,116.0,0,15,-113,-18,5,10,8
11-06 17:07:30.059,YES,1083917294746,116,16185,2300,310260,20,-104,-9,UNKNOWN,116.0,0,19,-112,-18,1,8,9
11-06 17:07:31.067,YES,1086150842000,116,16185,2300,310260,19,-104,-8,UNKNOWN,116.0,0,19,-112,-14,0,8,6
11-06 17:07:33.079,YES,1088392008942,116,16185,2300,310260,22,-104,-13,UNKNOWN,116.0,0,19,-112,-18,3,8,5
11-06 17:07:35.575,YES,1090891502732,116,16185,2300,310260,20,-106,-12,UNKNOWN,116.0,0,19,-112,-18,1,6,6
11-06 17:07:38.071,YES,1093148203530,116,16185,2300,310260,20,-105,-11,UNKNOWN,116.0,0,19,-112,-18,1,7,7
11-06 17:07:40.089,YES,1095402066828,116,16185,2300,310260,21,-104,-9,UNKNOWN,116.0,0,19,-112,-18,2,8,9
11-06 17:07:42.592,YES,1097899813743,116,16185,2300,310260,20,-107,-13,UNKNOWN,116.0,0,19,-112,-18,1,5,5
11-06 17:07:45.068,YES,1100148307457,116,16185,2300,310260,20,-105,-10,UNKNOWN,116.0,0,19,-112,-18,1,7,8
11-06 17:07:47.081,YES,1102367959969,116,16185,2300,310260,22,-103,-13,UNKNOWN,116.0,0,19,-110,-14,3,7,1
11-06 17:07:49.154,YES,1104429678144,116,16185,2300,310260,23,-104,-15,UNKNOWN,116.0,0,19,-107,-17,4,3,2
11-06 17:07:51.661,YES,1106941008810,116,16185,2300,310260,22,-105,-15,UNKNOWN,116.0,0,19,-109,-17,3,4,2
11-06 17:07:54.095,YES,1109194843306,116,16185,2300,310260,21,-105,-14,UNKNOWN,116.0,0,19,-110,-18,2,5,4
11-06 17:07:56.178,YES,1111450174572,116,16185,2300,310260,20,-105,-11,UNKNOWN,116.0,0,19,-108,-11,1,3,0
11-06 17:07:58.666,YES,1113956075030,116,16185,2300,310260,20,-107,-12,UNKNOWN,116.0,0,19,-107,-14,1,0,2
11-06 17:08:01.131,YES,1116186509575,116,16185,2300,310260,22,-105,-16,UNKNOWN,116.0,0,19,-109,-16,3,4,0
11-06 17:08:03.161,YES,1118459505166,116,16185,2300,310260,20,-104,-11,UNKNOWN,116.0,0,19,-109,-10,1,5,-1
11-06 17:08:05.693,YES,1120975302084,116,16185,2300,310260,20,-105,-11,UNKNOWN,116.0,0,19,-109,-13,1,4,2
11-06 17:08:08.131,YES,1123189138033,116,16185,2300,310260,21,-104,-13,UNKNOWN,116.0,0,19,-110,-14,2,6,1
11-06 17:08:10.188,YES,1125477469563,116,16185,2300,310260,20,-105,-11,UNKNOWN,116.0,0,19,-109,-14,1,4,3
11-06 17:08:12.671,YES,1127607027119,116,16185,2300,310260,21,-104,-13,UNKNOWN,116.0,0,19,-109,-16,2,5,3
11-06 17:08:14.722,YES,1129998325847,116,16185,2300,310260,21,-104,-13,UNKNOWN,116.0,0,19,-109,-15,2,5,2
11-06 17:08:17.175,YES,1132193031430,116,16185,2300,310260,21,-104,-13,UNKNOWN,116.0,0,19,-108,-14,2,4,1
11-06 17:08:19.236,YES,1134507588380,116,16185,2300,310260,22,-104,-14,UNKNOWN,116.0,0,19,-106,-15,3,2,1
11-06 17:08:21.734,YES,1137014111546,116,16185,2300,310260,21,-105,-13,UNKNOWN,116.0,0,19,-109,-15,2,4,2
11-06 17:08:24.189,YES,1139168364156,116,16185,2300,310260,22,-105,-14,UNKNOWN,116.0,0,19,-108,-15,3,3,1
11-06 17:08:26.204,YES,1141208463630,116,16185,2300,310260,20,-105,-11,UNKNOWN,116.0,0,19,-107,-12,1,2,1
11-06 17:08:28.255,YES,1143535891050,116,16185,2300,310260,21,-104,-13,UNKNOWN,116.0,0,19,-110,-14,2,6,1
11-06 17:08:30.759,YES,1146040270518,116,16185,2300,310260,20,-104,-11,UNKNOWN,116.0,0,19,-110,-15,1,6,4
11-06 17:08:33.214,YES,1148149122343,116,16185,2300,310260,20,-105,-12,UNKNOWN,116.0,0,19,-109,-11,1,4,-1
11-06 17:08:35.225,YES,1150192241869,116,16185,2300,310260,21,-104,-12,UNKNOWN,116.0,0,19,-109,-11,2,5,-1
11-06 17:08:37.289,YES,1152553066948,116,16185,2300,310260,22,-106,-14,UNKNOWN,116.0,0,19,-109,-14,3,3,0
11-06 17:08:39.769,YES,1155057931833,116,16185,2300,310260,22,-107,-17,UNKNOWN,116.0,0,19,-108,-13,3,1,-4
11-06 17:08:42.233,YES,1157172392773,116,16185,2300,310260,20,-103,-10,UNKNOWN,116.0,0,19,-110,-13,1,7,3
11-06 17:08:44.298,YES,1159572746762,116,16185,2300,310260,20,-105,-10,UNKNOWN,116.0,0,19,-109,-14,1,4,4
11-06 17:08:46.738,YES,1162048450915,116,16185,2300,310260,19,-104,-9,UNKNOWN,116.0,0,19,-109,-12,0,5,3
11-06 17:08:49.246,YES,1164165646386,116,16185,2300,310260,22,-104,-14,UNKNOWN,116.0,0,19,-108,-16,3,4,2
11-06 17:08:51.304,YES,1166585527825,116,16185,2300,310260,20,-106,-13,UNKNOWN,116.0,0,19,-108,-15,1,2,2
11-06 17:08:53.803,YES,1169091251408,116,16185,2300,310260,21,-106,-13,UNKNOWN,116.0,0,19,-110,-13,2,4,0
11-06 17:08:56.248,YES,1171197869274,116,16185,2300,310260,21,-105,-13,UNKNOWN,116.0,0,19,-108,-14,2,3,1
11-06 17:08:58.325,YES,1173601616805,116,16185,2300,310260,21,-104,-12,UNKNOWN,116.0,0,19,-107,-14,2,3,2
11-06 17:09:00.861,YES,1176112119399,116,16185,2300,310260,20,-106,-12,UNKNOWN,116.0,0,19,-109,-14,1,3,2
11-06 17:09:03.275,YES,1178190620023,116,16185,2300,310260,22,-105,-14,UNKNOWN,116.0,0,19,-110,-16,3,5,2
11-06 17:09:05.343,YES,1180635661829,116,16185,2300,310260,22,-105,-13,UNKNOWN,116.0,0,19,-106,-14,3,1,1
11-06 17:09:07.849,YES,1183127986244,116,16185,2300,310260,20,-105,-10,UNKNOWN,116.0,0,19,-109,-11,1,4,1
11-06 17:09:10.317,YES,1185191742908,116,16185,2300,310260,21,-103,-12,UNKNOWN,116.0,0,19,-109,-12,2,6,0
11-06 17:09:12.368,YES,1187636421849,116,16185,2300,310260,20,-104,-10,UNKNOWN,116.0,0,19,-108,-11,1,4,1
11-06 17:09:14.865,YES,1190150301266,116,16185,2300,310260,23,-104,-16,UNKNOWN,116.0,0,19,-110,-14,4,6,-2
11-06 17:09:15.304,YES,1190195360281,116,16185,2300,310260,23,-104,-16,UNKNOWN,116.0,0,19,-110,-14,4,6,-2
11-06 17:09:17.372,YES,1192650127349,116,16185,2300,310260,20,-104,-10,UNKNOWN,116.0,0,19,-108,-14,1,4,4
11-06 17:09:19.866,YES,1195158012599,116,16185,2300,310260,20,-104,-11,UNKNOWN,116.0,0,19,-109,-13,1,5,2
11-06 17:09:22.331,YES,1197207834105,116,16185,2300,310260,21,-105,-12,UNKNOWN,116.0,0,19,-107,-13,2,2,1
11-06 17:09:24.379,YES,1199670159038,116,16185,2300,310260,21,-104,-12,UNKNOWN,116.0,0,19,-109,-11,2,5,-1
11-06 17:09:26.882,YES,1202166118297,116,16185,2300,310260,20,-104,-9,UNKNOWN,116.0,0,19,-107,-12,1,3,3
11-06 17:09:27.345,YES,1202182991527,116,16185,2300,310260,20,-104,-9,UNKNOWN,116.0,0,19,-107,-12,1,3,3
11-06 17:09:29.399,YES,1204675310630,116,16185,2300,310260,22,-104,-14,UNKNOWN,116.0,0,19,-109,-14,3,5,0
11-06 17:09:31.919,YES,1207186279838,116,16185,2300,310260,20,-104,-10,UNKNOWN,116.0,0,19,-109,-12,1,5,2
11-06 17:09:32.365,YES,1207212876560,116,16185,2300,310260,20,-104,-10,UNKNOWN,116.0,0,19,-109,-12,1,5,2
11-06 17:09:34.406,YES,1209690681755,116,16185,2300,310260,21,-104,-11,UNKNOWN,116.0,0,19,-109,-14,2,5,3
11-06 17:09:36.912,YES,1212202371849,116,16185,2300,310260,23,-103,-12,UNKNOWN,116.0,0,19,-107,-14,4,4,2
11-06 17:09:37.364,YES,1212217222423,116,16185,2300,310260,23,-103,-12,UNKNOWN,116.0,0,19,-107,-14,4,4,2
11-06 17:09:39.419,YES,1214702678348,116,16185,2300,310260,22,-104,-12,UNKNOWN,116.0,0,19,-107,-15,3,3,3
11-06 17:09:41.944,YES,1217219687817,116,16185,2300,310260,21,-102,-10,UNKNOWN,116.0,0,19,-108,-15,2,6,5
11-06 17:09:44.429,YES,1219716527597,116,16185,2300,310260,22,-104,-13,UNKNOWN,116.0,0,19,-108,-15,3,4,2
11-06 17:09:46.927,YES,1222220994253,116,16185,2300,310260,21,-104,-12,UNKNOWN,116.0,0,19,-108,-12,2,4,0
11-06 17:09:49.429,YES,1224720871898,116,16185,2300,310260,22,-103,-13,UNKNOWN,116.0,0,19,-108,-13,3,5,0
11-06 17:09:51.939,YES,1227231680169,116,16185,2300,310260,22,-105,-14,UNKNOWN,116.0,0,19,-110,-16,3,5,2
11-06 17:09:54.461,YES,1229739614793,116,16185,2300,310260,23,-105,-17,UNKNOWN,116.0,0,19,-108,-18,4,3,1
11-06 17:09:56.958,YES,1232244569626,116,16185,2300,310260,21,-104,-11,UNKNOWN,116.0,0,15,-108,-14,6,4,3
11-06 17:09:59.417,YES,1234364219942,116,16185,2300,310260,21,-105,-12,UNKNOWN,116.0,0,15,-109,-13,6,4,1
11-06 17:10:01.479,YES,1236751750857,116,16185,2300,310260,21,-105,-13,UNKNOWN,116.0,0,16,-109,-18,5,4,5
11-06 17:10:03.929,YES,1239193099069,116,16185,2300,310260,21,-105,-14,UNKNOWN,116.0,0,15,-108,-14,6,3,0
11-06 17:10:05.960,YES,1241251091149,116,16185,2300,310260,21,-104,-11,UNKNOWN,116.0,0,15,-109,-14,6,5,3
11-06 17:10:08.485,YES,1243766853378,116,16185,2300,310260,21,-104,-12,UNKNOWN,116.0,0,15,-107,-12,6,3,0
11-06 17:10:10.932,YES,1246195600443,116,16185,2300,310260,22,-105,-15,UNKNOWN,116.0,0,15,-109,-14,7,4,-1
11-06 17:10:12.988,YES,1248276429244,116,16185,2300,310260,20,-105,-9,UNKNOWN,116.0,0,14,-109,-14,6,4,5
11-06 17:10:15.517,YES,1250785319025,116,16185,2300,310260,21,-104,-11,UNKNOWN,116.0,0,14,-107,-12,7,3,1
11-06 17:10:17.953,YES,1253195549630,116,16185,2300,310260,20,-104,-10,UNKNOWN,116.0,0,14,-108,-12,6,4,2
11-06 17:10:19.950,YES,1255266047024,116,16185,2300,310260,21,-105,-12,UNKNOWN,116.0,0,14,-109,-14,7,4,2
11-06 17:10:21.969,YES,1257282834412,116,16185,2300,310260,21,-104,-12,UNKNOWN,116.0,0,14,-110,-13,7,6,1
11-06 17:10:24.531,YES,1259805615184,116,16185,2300,310260,21,-104,-11,UNKNOWN,116.0,0,15,-110,-16,6,6,5
11-06 17:10:26.980,YES,1262196108600,116,16185,2300,310260,20,-105,-10,UNKNOWN,116.0,0,19,-108,-13,1,3,3
11-06 17:10:29.005,YES,1264296965840,116,16185,2300,310260,22,-103,-13,UNKNOWN,116.0,0,19,-109,-14,3,6,1
11-06 17:10:31.475,YES,1266790523276,116,16185,2300,310260,20,-103,-10,UNKNOWN,116.0,0,19,-112,-18,1,9,8
11-06 17:10:33.964,YES,1269148191792,116,16185,2300,310260,19,-105,-9,UNKNOWN,116.0,0,19,-112,-18,0,7,9
11-06 17:10:36.003,YES,1271294798516,116,16185,2300,310260,19,-106,-10,UNKNOWN,116.0,0,19,-112,-18,0,6,8
11-06 17:10:38.472,YES,1273790426890,116,16185,2300,310260,19,-105,-9,UNKNOWN,116.0,0,19,-112,-18,0,7,9
11-06 17:10:40.959,YES,1276150569261,116,16185,2300,310260,20,-102,-9,UNKNOWN,116.0,0,19,-112,-17,1,10,8
11-06 17:10:42.984,YES,1278295945360,116,16185,2300,310260,20,-103,-9,UNKNOWN,116.0,0,19,-112,-18,1,9,9
11-06 17:10:45.470,YES,1280788961650,116,16185,2300,310260,20,-107,-11,UNKNOWN,116.0,0,19,-112,-18,1,5,7
11-06 17:10:47.965,YES,1283145978082,116,16185,2300,310260,20,-102,-7,UNKNOWN,116.0,0,19,-112,-18,1,10,11
11-06 17:10:50.003,YES,1285301323141,116,16185,2300,310260,21,-103,-10,UNKNOWN,116.0,0,19,-112,-18,2,9,8
11-06 17:10:52.477,YES,1287794144431,116,16185,2300,310260,20,-102,-8,UNKNOWN,116.0,0,19,-112,-18,1,10,10
11-06 17:10:54.971,YES,1290145894978,116,16185,2300,310260,19,-106,-9,UNKNOWN,116.0,0,19,-112,-18,0,6,9
11-06 17:10:56.987,YES,1292301416390,116,16185,2300,310260,21,-101,-10,UNKNOWN,116.0,0,19,-111,-18,2,10,8
11-06 17:10:59.494,YES,1294802982160,116,16185,2300,310260,18,-108,-9,UNKNOWN,116.0,0,19,-112,-17,-1,4,8
11-06 17:11:01.975,YES,1297148471561,116,16185,2300,310260,19,-106,-10,UNKNOWN,116.0,0,19,-112,-17,0,6,7
11-06 17:11:03.989,YES,1299301769744,116,16185,2300,310260,19,-106,-9,UNKNOWN,116.0,0,19,-112,-14,0,6,5
11-06 17:11:06.496,YES,1301805248327,116,16185,2300,310260,21,-104,-8,UNKNOWN,116.0,0,19,-112,-18,2,8,10
11-06 17:11:08.978,YES,1304155550436,116,16185,2300,310260,19,-106,-10,UNKNOWN,116.0,0,19,-112,-18,0,6,8
11-06 17:11:10.992,YES,1306308773619,116,16185,2300,310260,18,-107,-8,UNKNOWN,116.0,0,19,-112,-16,-1,5,8
11-06 17:11:13.018,YES,1308327710279,116,16185,2300,310260,20,-105,-10,UNKNOWN,116.0,0,19,-112,-18,1,7,8
11-06 17:11:19.665,YES,1308833838714,116,16185,2300,310260,17,-111,-10,UNKNOWN,116.0,0,19,-112,-17,-2,1,7
11-06 17:11:20.123,YES,1308845006997,116,16185,2300,310260,17,-111,-10,UNKNOWN,116.0,0,19,-112,-17,-2,1,7
11-06 17:11:22.137,YES,1311325560369,116,16185,2300,310260,19,-106,-11,UNKNOWN,116.0,0,19,-112,-18,0,6,7
11-06 17:11:24.213,YES,1313362703905,116,16185,2300,310260,18,-109,-10,UNKNOWN,116.0,0,19,-112,-17,-1,3,7
11-06 17:11:26.705,YES,1315863844727,116,16185,2300,310260,19,-107,-11,UNKNOWN,116.0,0,19,-112,-15,0,5,4
11-06 17:11:29.217,YES,1318366437685,116,16185,2300,310260,17,-109,-9,UNKNOWN,116.0,0,19,-112,-18,-2,3,9
11-06 17:11:31.775,YES,1320895193718,116,16185,2300,310260,18,-109,-10,UNKNOWN,116.0,0,19,-112,-16,-1,3,6
11-06 17:11:34.022,YES,1321858746210,116,16185,2300,310260,19,-112,-15,WALKING,116.0,0,19,-112,-17,0,0,2
11-06 17:11:34.493,YES,1321886271994,116,16185,2300,310260,19,-112,-15,WALKING,116.0,0,19,-112,-17,0,0,2
11-06 17:11:36.546,YES,1324385624847,116,16185,2300,310260,19,-108,-12,WALKING,116.0,0,19,-112,-15,0,4,3
11-06 17:11:38.987,YES,1326701681067,116,16185,2300,310260,19,-105,-10,WALKING,116.0,0,19,-112,-18,0,7,8
11-06 17:11:41.003,YES,1328869098783,116,16185,2300,310260,19,-107,-10,WALKING,116.0,0,19,-112,-17,0,5,7
11-06 17:11:43.512,YES,1331371440960,116,16185,2300,310260,15,-115,-12,WALKING,116.0,0,19,-112,-17,-4,-3,5
11-06 17:11:46.007,YES,1333745545415,116,16185,2300,310260,14,-116,-11,WALKING,116.0,0,7,-128,-19,7,12,8
11-06 17:11:48.029,YES,1335888708128,116,16185,2300,310260,14,-119,-12,WALKING,116.0,0,7,-130,-19,7,11,7
11-06 17:11:50.580,YES,1338410820775,116,16185,2300,310260,13,-120,-12,WALKING,116.0,0,12,-118,-16,1,-2,4
11-06 17:11:53.011,YES,1340740919445,116,16185,2300,310260,14,-115,-9,WALKING,116.0,0,11,-120,-19,3,5,10
11-06 17:11:55.069,YES,1342909718724,116,16185,2300,310260,14,-116,-10,WALKING,116.0,0,11,-120,-16,3,4,6
11-06 17:11:57.303,YES,1345060759250,116,16185,2300,310260,15,-114,-11,WALKING,116.0,0,11,-117,-13,4,3,2
11-06 17:11:59.629,YES,1347391055160,116,16185,2300,310260,15,-117,-12,WALKING,116.0,0,11,-117,-14,4,0,2
11-06 17:12:03.402,YES,1347762767749,116,16185,2300,310260,16,-116,-15,WALKING,116.0,0,10,-122,-17,6,6,2
11-06 17:12:09.527,YES,1348163136539,116,16185,2300,310260,15,-112,-9,WALKING,116.0,0,8,-120,-14,7,8,5
11-06 17:12:15.437,YES,1348736807273,116,16185,2300,310260,16,-111,-9,WALKING,116.0,0,10,-120,-16,6,9,7
11-06 17:12:21.699,YES,1349181426067,116,16185,2300,310260,15,-115,-10,WALKING,116.0,0,9,-120,-15,6,5,5
11-06 17:12:27.318,YES,1350182974188,116,16185,2300,310260,15,-114,-9,WALKING,116.0,0,10,-121,-16,5,7,7
11-06 17:12:27.790,YES,1350199395335,116,16185,2300,310260,15,-114,-9,WALKING,116.0,0,10,-121,-16,5,7,7
11-06 17:12:33.279,YES,1351070183130,116,16185,2300,310260,14,-116,-10,WALKING,116.0,0,11,-120,-11,3,4,1
11-06 17:12:33.774,YES,1351083319434,116,16185,2300,310260,14,-116,-10,WALKING,116.0,0,11,-120,-11,3,4,1
11-06 17:12:35.830,YES,1353595544736,116,16185,2300,310260,14,-116,-10,WALKING,116.0,0,9,-121,-16,5,5,6
11-06 17:12:43.318,YES,1355070884727,116,16185,2300,310260,14,-115,-10,STILL,116.0,0,10,-120,-17,4,5,7
11-06 17:12:45.389,YES,1357136940089,116,16185,2300,310260,15,-114,-9,STILL,116.0,0,10,-120,-17,5,6,8
11-06 17:12:47.916,YES,1359651159350,116,16185,2300,310260,16,-114,-11,STILL,116.0,0,10,-120,-16,6,6,5
11-06 17:12:54.333,YES,1362442100565,116,16185,2300,310260,19,-108,-13,STILL,116.0,0,12,-111,-12,7,3,-1
11-06 17:13:00.366,YES,1362832474719,116,16185,2300,310260,18,-113,-16,STILL,116.0,0,11,-114,-14,7,1,-2
11-06 17:13:02.610,YES,1363279056742,116,16185,2300,310260,18,-110,-12,WALKING,116.0,0,11,-114,-13,7,4,1
11-06 17:13:04.891,YES,1365215481779,116,16185,2300,310260,20,-107,-13,WALKING,116.0,0,13,-113,-12,7,6,-1
11-06 17:13:06.968,YES,1366721945471,116,16185,2300,310260,20,-110,-17,WALKING,99.0,1,12,-113,-14,8,3,-3
11-06 17:13:09.472,YES,1368895170010,99,16185,2300,310260,17,-114,-12,WALKING,99.0,0,20,-112,-15,-3,-2,3
11-06 17:13:11.958,YES,1371188571749,99,16185,2300,310260,18,-110,-12,WALKING,99.0,0,13,-112,-14,5,2,2
11-06 17:13:14.438,YES,1373320572066,99,16185,2300,310260,20,-106,-10,WALKING,99.0,0,14,-113,-18,6,7,8
11-06 17:13:16.953,YES,1375516056972,99,16185,2300,310260,21,-99,-7,WALKING,99.0,0,15,-107,-13,6,8,6
11-06 17:13:24.416,YES,1377873790905,99,16185,2300,310260,28,-85,-8,WALKING,99.0,0,22,-109,-17,6,24,9
11-06 17:13:36.353,YES,1378532937689,99,16185,2300,310260,24,-100,-13,WALKING,99.0,0,17,-110,-16,7,10,3
11-06 17:13:38.892,YES,1381048537210,99,16185,2300,310260,22,-97,-8,WALKING,99.0,0,16,-110,-17,6,13,9
11-06 17:13:44.434,YES,1382066848718,99,16185,2300,310260,22,-102,-10,WALKING,99.0,0,15,-110,-16,7,8,6
11-06 17:13:50.337,YES,1382588537312,99,16185,2300,310260,19,-111,-13,WALKING,99.0,0,15,-110,-16,4,-1,3
11-06 17:13:56.559,YES,1383473117035,99,16185,2300,310260,20,-106,-12,WALKING,99.0,0,15,-110,-14,5,4,2
11-06 17:14:02.604,YES,1383888041712,99,16185,2300,310260,20,-107,-13,WALKING,99.0,0,15,-110,-16,5,3,3
11-06 17:14:04.621,YES,1386078954743,99,16185,2300,310260,19,-113,-18,WALKING,44.0,1,15,-107,-14,4,-6,-4
11-06 17:14:07.139,YES,1388594096504,44,16185,675,310260,21,-107,-17,WALKING,44.0,0,31,0,0,-10,-107,-17
11-06 17:14:09.673,YES,1391109627952,44,16185,675,310260,22,-104,-16,WALKING,44.0,0,31,0,0,-9,-104,-16
11-06 17:14:12.199,YES,1393614633983,44,16185,675,310260,22,-103,-15,WALKING,44.0,0,31,0,0,-9,-103,-15
11-06 17:14:14.700,YES,1396128035015,44,16185,675,310260,21,-99,-9,WALKING,44.0,0,31,0,0,-10,-99,-9
11-06 17:14:17.211,YES,1398630129535,44,16185,675,310260,22,-104,-13,WALKING,44.0,0,31,0,0,-9,-104,-13
11-06 17:14:19.704,YES,1401136871972,44,16185,675,310260,22,-97,-8,WALKING,44.0,0,31,0,0,-9,-97,-8
11-06 17:14:22.215,YES,1403650237691,44,16185,675,310260,22,-102,-13,WALKING,44.0,0,31,0,0,-9,-102,-13
11-06 17:14:28.386,YES,1404567012939,44,16185,675,310260,27,-94,-14,WALKING,44.0,0,31,0,0,-4,-94,-14
11-06 17:14:34.429,YES,1405880224111,44,16185,675,310260,25,-98,-16,WALKING,44.0,0,31,0,0,-6,-98,-16
11-06 17:14:38.002,YES,1406230930344,44,16185,675,310260,28,-94,-17,UNKNOWN,44.0,0,31,0,0,-3,-94,-17
11-06 17:14:40.034,YES,1408341671492,44,16185,675,310260,22,-100,-10,UNKNOWN,44.0,0,31,0,0,-9,-100,-10
11-06 17:14:45.359,YES,1409401681493,44,16185,675,310260,27,-97,-17,UNKNOWN,44.0,0,31,0,0,-4,-97,-17
11-06 17:14:57.396,YES,1410578863850,44,16185,675,310260,30,-85,-10,UNKNOWN,44.0,0,31,0,0,-1,-85,-10
11-06 17:14:57.824,YES,1410599426456,44,16185,675,310260,30,-85,-10,UNKNOWN,44.0,0,31,0,0,-1,-85,-10
11-06 17:14:59.902,YES,1413076420766,44,16185,675,310260,30,-87,-13,UNKNOWN,44.0,0,31,0,0,-1,-87,-13
11-06 17:15:02.158,YES,1415342181252,44,16185,675,310260,31,-81,-13,UNKNOWN,44.0,0,31,0,0,0,-81,-13
11-06 17:15:04.684,YES,1417859076346,44,16185,675,310260,31,-77,-16,UNKNOWN,44.0,0,31,0,0,0,-77,-16
11-06 17:15:07.221,YES,1420376184983,44,16185,675,310260,31,-83,-17,UNKNOWN,44.0,0,31,0,0,0,-83,-17
11-06 17:15:09.694,YES,1422879224919,44,16185,675,310260,31,-83,-16,UNKNOWN,44.0,0,31,0,0,0,-83,-16
11-06 17:15:18.271,YES,1424138555930,44,16185,675,310260,26,-93,-12,UNKNOWN,44.0,0,31,0,0,-5,-93,-12
11-06 17:15:24.352,YES,1424704308226,44,16185,675,310260,26,-93,-11,WALKING,44.0,0,31,0,0,-5,-93,-11
11-06 17:15:30.417,YES,1425520964037,44,16185,675,310260,24,-94,-8,WALKING,44.0,0,31,0,0,-7,-94,-8
11-06 17:15:36.338,YES,1425870698915,44,16185,675,310260,25,-92,-8,WALKING,44.0,0,31,0,0,-6,-92,-8
11-06 17:15:36.810,YES,1425877384385,44,16185,675,310260,25,-92,-8,UNKNOWN,44.0,0,31,0,0,-6,-92,-8
11-06 17:15:38.878,YES,1428394913125,44,16185,675,310260,27,-91,-12,UNKNOWN,44.0,0,31,0,0,-4,-91,-12
11-06 17:15:39.353,YES,1428415252137,44,16185,675,310260,27,-91,-12,UNKNOWN,44.0,0,31,0,0,-4,-91,-12
11-06 17:15:44.384,YES,1429304892070,44,16185,675,310260,31,-88,-15,UNKNOWN,44.0,0,31,0,0,0,-88,-15
11-06 17:15:50.342,YES,1430568339696,44,16185,675,310260,29,-84,-10,UNKNOWN,44.0,0,31,0,0,-2,-84,-10
11-06 17:15:54.883,YES,1430593925479,44,16185,675,310260,29,-84,-10,UNKNOWN,44.0,0,31,0,0,-2,-84,-10
11-06 17:15:55.084,YES,1431464136139,44,16185,675,310260,31,-80,-12,WALKING,44.0,0,31,0,0,0,-80,-12
11-06 17:15:57.142,YES,1433584697652,44,16185,675,310260,31,-84,-17,WALKING,44.0,0,31,0,0,0,-84,-17
11-06 17:16:02.360,YES,1434701077399,44,16185,675,310260,31,-80,-8,WALKING,44.0,0,31,0,0,0,-80,-8
11-06 17:16:08.428,YES,1435201629168,44,16185,675,310260,31,-78,-9,WALKING,44.0,0,31,0,0,0,-78,-9
11-06 17:16:08.893,YES,1435212968804,44,16185,675,310260,31,-78,-9,WALKING,44.0,0,31,0,0,0,-78,-9
11-06 17:16:11.929,YES,1437721550617,44,16185,675,310260,31,-78,-13,WALKING,44.0,0,31,0,0,0,-78,-13
11-06 17:16:14.457,YES,1439942451359,44,16185,675,310260,31,-80,-15,WALKING,44.0,0,31,0,0,0,-80,-15
11-06 17:16:16.947,YES,1442285324925,44,16185,675,310260,31,-79,-17,WALKING,44.0,0,31,0,0,0,-79,-17
11-06 17:16:19.258,YES,1444294243719,44,16185,675,310260,28,-87,-11,WALKING,44.0,0,31,0,0,-3,-87,-11
11-06 17:16:26.349,YES,1446210349223,44,16185,675,310260,30,-80,-7,WALKING,44.0,0,31,0,0,-1,-80,-7
11-06 17:16:38.333,YES,1446835409910,44,16185,675,310260,31,-82,-11,WALKING,44.0,0,31,0,0,0,-82,-11
11-06 17:16:44.346,YES,1447533560344,44,16185,675,310260,29,-90,-15,WALKING,44.0,0,31,0,0,-2,-90,-15
11-06 17:16:49.473,YES,1447898434078,44,16185,675,310260,30,-89,-16,WALKING,44.0,0,31,0,0,-1,-89,-16
11-06 17:16:55.392,YES,1448540811747,44,16185,675,310260,26,-90,-8,WALKING,44.0,0,31,0,0,-5,-90,-8
11-06 17:16:57.943,YES,1451063349550,44,16185,675,310260,29,-87,-12,WALKING,44.0,0,31,0,0,-2,-87,-12
11-06 17:17:09.826,YES,1453038426205,44,16185,675,310260,31,-80,-10,WALKING,44.0,0,31,0,0,0,-80,-10
11-06 17:17:11.873,YES,1453684507884,44,16185,675,310260,31,-81,-14,WALKING,44.0,0,31,0,0,0,-81,-14
11-06 17:17:14.094,YES,1455206038869,44,16185,675,310260,31,-82,-15,WALKING,44.0,0,31,0,0,0,-82,-15
11-06 17:17:22.342,YES,1457841386267,44,16185,675,310260,31,-85,-18,WALKING,44.0,0,31,0,0,0,-85,-18
11-06 17:17:28.484,YES,1458213675991,44,16185,675,310260,31,-80,-18,WALKING,44.0,0,31,0,0,0,-80,-18
11-06 17:17:40.376,YES,1458955090492,44,16185,675,310260,31,-76,-15,WALKING,44.0,0,31,0,0,0,-76,-15
11-06 17:17:52.337,YES,1459588678785,44,16185,675,310260,31,-72,-11,WALKING,44.0,0,31,0,0,0,-72,-11
11-06 17:17:58.418,YES,1460102886128,44,16185,675,310260,31,-76,-17,WALKING,44.0,0,31,0,0,0,-76,-17
11-06 17:18:00.948,YES,1462615746117,44,16185,675,310260,31,-76,-7,WALKING,44.0,0,31,0,0,0,-76,-7
11-06 17:18:06.430,YES,1463274370871,44,16185,675,310260,31,-78,-15,WALKING,44.0,0,31,0,0,0,-78,-15
11-06 17:18:12.412,YES,1464109679287,44,16185,675,310260,31,-78,-16,WALKING,44.0,0,31,0,0,0,-78,-16
11-06 17:18:24.353,YES,1464794380241,44,16185,675,310260,31,-78,-10,WALKING,44.0,0,31,0,0,0,-78,-10
11-06 17:18:24.812,YES,1464810327430,44,16185,675,310260,31,-78,-10,WALKING,44.0,0,31,0,0,0,-78,-10
11-06 17:18:26.854,YES,1467292907990,44,16185,675,310260,31,-79,-11,WALKING,44.0,0,31,0,0,0,-79,-11
11-06 17:18:29.383,YES,1469805410115,44,16185,675,310260,30,-84,-10,WALKING,44.0,0,31,0,0,-1,-84,-10
11-06 17:18:41.363,YES,1470940376530,44,16185,675,310260,31,-88,-17,STILL,44.0,0,31,0,0,0,-88,-17
11-06 17:18:47.928,YES,1471283839533,44,16185,675,310260,29,-90,-15,STILL,44.0,0,31,0,0,-2,-90,-15
11-06 17:18:49.961,YES,1473393365108,44,16185,675,310260,30,-92,-19,WALKING,44.0,0,31,0,0,-1,-92,-19
11-06 17:18:52.110,YES,1474240133005,44,16185,675,310260,31,-89,-20,WALKING,44.0,0,31,0,0,0,-89,-20
11-06 17:18:54.145,YES,1476374851499,44,16185,675,310260,31,-82,-16,WALKING,44.0,0,29,-88,-19,2,6,3
11-06 17:18:57.161,YES,1478699821574,44,16185,675,310260,31,-84,-18,WALKING,44.0,0,27,-88,-19,4,4,1
11-06 17:18:59.711,YES,1481223544898,44,16185,675,310260,31,-83,-15,WALKING,44.0,0,28,-88,-19,3,5,4
11-06 17:19:06.431,YES,1483199063428,44,16185,675,310260,28,-92,-15,WALKING,44.0,0,27,-88,-19,1,-4,4
11-06 17:19:12.421,YES,1486060153922,44,16185,675,310260,28,-89,-12,WALKING,44.0,0,27,-88,-14,1,-1,2
11-06 17:19:13.672,YES,1486083423403,44,16185,675,310260,28,-89,-12,WALKING,44.0,0,27,-88,-14,1,-1,2
11-06 17:19:14.717,YES,1487912001554,44,16185,675,310260,30,-90,-18,UNKNOWN,44.0,0,27,-88,-19,3,-2,1
11-06 17:19:21.440,YES,1490339062629,44,16185,675,310260,27,-95,-15,UNKNOWN,44.0,0,27,-88,-16,0,-7,1
11-06 17:19:21.471,YES,1490354071641,44,16185,675,310260,27,-95,-15,UNKNOWN,44.0,0,27,-88,-16,0,-7,1
11-06 17:19:23.603,YES,1492524546284,44,16185,675,310260,29,-91,-15,UNKNOWN,44.0,0,27,-88,-19,2,-3,4
11-06 17:19:27.451,YES,1493016672167,44,16185,675,310260,28,-94,-15,UNKNOWN,44.0,0,27,-88,-19,1,-6,4
11-06 17:19:32.143,YES,1493368840066,44,16185,675,310260,29,-92,-17,WALKING,44.0,0,27,-88,-19,2,-4,2
11-06 17:19:34.151,YES,1495413718083,44,16185,675,310260,27,-93,-13,WALKING,44.0,0,27,-88,-19,0,-5,6
11-06 17:19:36.242,YES,1497550359441,44,16185,675,310260,29,-92,-15,WALKING,44.0,0,27,-88,-19,2,-4,4
11-06 17:19:41.376,YES,1498248707636,44,16185,675,310260,29,-90,-15,WALKING,44.0,0,27,-88,-19,2,-2,4
11-06 17:19:41.860,YES,1498267424877,44,16185,675,310260,29,-90,-15,WALKING,44.0,0,27,-88,-19,2,-2,4
11-06 17:19:47.411,YES,1499871548006,44,16185,675,310260,28,-89,-12,WALKING,44.0,0,27,-88,-17,1,-1,5
11-06 17:19:51.662,YES,1500354249200,44,16185,675,310260,26,-94,-13,WALKING,44.0,0,27,-88,-19,-1,-6,6
11-06 17:19:54.147,YES,1502390962319,44,16185,675,310260,31,-77,-15,WALKING,44.0,0,30,-87,-19,1,10,4
11-06 17:19:56.144,YES,1504524510605,44,16185,675,310260,31,-77,-14,WALKING,44.0,0,30,-87,-19,1,10,5
11-06 17:19:58.161,YES,1506847062347,44,16185,675,310260,31,-79,-15,WALKING,44.0,0,30,-87,-19,1,8,4
11-06 17:20:00.664,YES,1509353680930,44,16185,675,310260,31,-85,-8,WALKING,44.0,0,28,-83,-16,3,-2,8
11-06 17:20:03.152,YES,1511519782760,44,16185,675,310260,30,-92,-19,WALKING,44.0,0,27,-88,-14,3,-4,-5
11-06 17:20:05.176,YES,1513858197212,44,16185,675,310260,31,-90,-19,WALKING,44.0,0,27,-88,-9,4,-2,-10
11-06 17:20:07.656,YES,1516248673700,44,16185,675,310260,30,-90,-18,WALKING,44.0,0,27,-88,-15,3,-2,-3
11-06 17:20:09.722,YES,1518386783392,44,16185,675,310260,31,-86,-18,WALKING,44.0,0,27,-88,-19,4,2,1
11-06 17:20:12.159,YES,1520535541523,44,16185,675,310260,31,-87,-18,WALKING,44.0,0,27,-88,-12,4,1,-6
11-06 17:20:14.179,YES,1522866657745,44,16185,675,310260,31,-85,-16,WALKING,44.0,0,27,-82,-11,4,-3,-5
11-06 17:20:16.676,YES,1525365743827,44,16185,675,310260,31,-84,-18,WALKING,44.0,0,28,-85,-17,3,1,-1
11-06 17:20:19.169,YES,1527524217427,44,16185,675,310260,31,-85,-18,WALKING,44.0,0,27,-83,-13,4,-2,-5
11-06 17:20:21.177,YES,1529866772921,44,16185,675,310260,31,-84,-17,WALKING,44.0,0,28,-82,-15,3,-2,-2
11-06 17:20:23.678,YES,1532370880098,44,16185,675,310260,31,-86,-17,WALKING,44.0,0,27,-81,-12,4,-5,-5
11-06 17:20:26.175,YES,1534528643177,44,16185,675,310260,31,-85,-18,WALKING,44.0,0,28,-83,-16,3,-2,-2
11-06 17:20:28.200,YES,1536884634662,44,16185,675,310260,31,-84,-18,WALKING,44.0,0,29,-88,-19,2,4,1
11-06 17:20:30.693,YES,1539380248817,44,16185,675,310260,31,-86,-17,WALKING,44.0,0,27,-88,-19,4,2,2
11-06 17:20:33.238,YES,1541902099224,44,16185,675,310260,31,-86,-18,WALKING,44.0,0,28,-88,-19,3,2,1
11-06 17:20:35.795,YES,1544477381981,44,16185,675,310260,31,-89,-19,WALKING,44.0,0,27,-88,-17,4,-1,-2
11-06 17:20:37.949,YES,1546612292350,44,16185,675,310260,31,-87,-18,WALKING,44.0,0,27,-87,-16,4,0,-2
11-06 17:20:42.419,YES,1547921400240,44,16185,675,310260,31,-77,-12,WALKING,44.0,0,30,-83,-19,1,6,7
11-06 17:20:44.940,YES,1550417126635,44,16185,675,310260,31,-69,-16,WALKING,44.0,0,30,-83,-19,1,14,3
11-06 17:20:49.444,YES,1551459750905,44,16185,675,310260,31,-83,-19,WALKING,44.0,0,27,-85,-17,4,2,-2
11-06 17:20:55.342,YES,1552065051903,44,16185,675,310260,31,-81,-19,WALKING,44.0,0,30,-79,-10,1,-2,-9
11-06 17:21:01.341,YES,1552704340873,44,16185,675,310260,31,-81,-20,WALKING,44.0,0,31,-75,-14,0,-6,-6
11-06 17:21:06.485,YES,1553086144661,44,16185,675,310260,31,-81,-20,WALKING,434.0,1,31,-76,-9,0,-5,-11
11-06 17:21:18.349,YES,1555636947988,434,16185,2300,310260,31,-82,-14,WALKING,434.0,0,25,-90,-17,6,8,3
11-06 17:21:23.652,YES,1556097273867,434,16185,2300,310260,31,-79,-9,WALKING,434.0,0,24,-92,-17,7,13,8
11-06 17:21:24.394,YES,1556120265068,434,16185,2300,310260,31,-79,-9,UNKNOWN,434.0,0,24,-92,-17,7,13,8
11-06 17:21:29.460,YES,1557371202224,434,16185,2300,310260,31,-72,-15,UNKNOWN,434.0,0,31,-78,-18,0,6,3
11-06 17:21:35.410,YES,1557947291291,434,16185,2300,310260,31,-75,-13,UNKNOWN,434.0,0,30,-81,-18,1,6,5
11-06 17:21:37.865,YES,1560428485341,434,16185,2300,310260,31,-75,-13,UNKNOWN,434.0,0,29,-85,-19,2,10,6
11-06 17:21:43.442,YES,1561606056395,434,16185,2300,310260,31,-70,-14,UNKNOWN,434.0,0,31,-79,-18,0,9,4
11-06 17:21:49.428,YES,1562326260373,434,16185,2300,310260,31,-72,-10,UNKNOWN,434.0,0,31,-79,-18,0,7,8
11-06 17:21:55.552,YES,1563631419878,434,16185,2300,310260,31,-71,-12,UNKNOWN,434.0,0,31,-79,-18,0,8,6
11-06 17:21:57.593,YES,1565808525564,434,16185,2300,310260,31,-71,-14,UNKNOWN,434.0,0,31,-79,-18,0,8,4
11-06 17:22:00.095,YES,1568310894407,434,16185,2300,310260,31,-71,-15,UNKNOWN,434.0,0,31,-79,-18,0,8,3
11-06 17:22:02.635,YES,1570839124138,434,16185,2300,310260,31,-71,-12,UNKNOWN,434.0,0,31,-79,-18,0,8,6
11-06 17:22:05.146,YES,1573345739388,434,16185,2300,310260,31,-71,-12,UNKNOWN,434.0,0,31,-79,-18,0,8,6
11-06 17:22:07.652,YES,1575855776096,434,16185,2300,310260,31,-71,-10,UNKNOWN,434.0,0,31,-79,-18,0,8,8
11-06 17:22:10.154,YES,1578360530096,434,16185,2300,310260,31,-71,-12,UNKNOWN,434.0,0,31,-79,-18,0,8,6
11-06 17:22:12.669,YES,1580868315554,434,16185,2300,310260,31,-71,-8,UNKNOWN,434.0,0,31,-79,-18,0,8,10
11-06 17:22:15.186,YES,1583387564242,434,16185,2300,310260,31,-71,-11,UNKNOWN,434.0,0,31,-81,-20,0,10,9
11-06 17:22:17.682,YES,1585883525949,434,16185,2300,310260,31,-71,-9,UNKNOWN,434.0,0,31,-81,-20,0,10,11
11-06 17:22:20.183,YES,1588392358230,434,16185,2300,310260,31,-71,-13,UNKNOWN,434.0,0,31,-81,-20,0,10,7
11-06 17:22:22.708,YES,1590898032595,434,16185,2300,310260,31,-71,-14,UNKNOWN,434.0,0,31,-81,-20,0,10,6
11-06 17:22:25.190,YES,1593401411907,434,16185,2300,310260,31,-72,-13,UNKNOWN,434.0,0,31,-81,-20,0,9,7
11-06 17:22:27.672,YES,1595108172806,434,16185,2300,310260,31,-70,-8,UNKNOWN,434.0,0,31,-81,-20,0,11,12
11-06 17:22:30.108,YES,1596829680998,434,16185,2300,310260,31,-70,-13,UNKNOWN,434.0,0,31,-81,-20,0,11,7
11-06 17:22:32.555,YES,1598946161574,434,16185,2300,310260,31,-70,-10,UNKNOWN,434.0,0,31,-81,-20,0,11,10
11-06 17:22:35.061,YES,1600626888356,434,16185,2300,310260,31,-70,-12,UNKNOWN,434.0,0,31,-81,-20,0,11,8
11-06 17:22:37.569,YES,1603138050533,434,16185,2300,310260,31,-71,-8,UNKNOWN,434.0,0,31,-81,-20,0,10,12
11-06 17:22:40.021,YES,1605619253488,434,16185,2300,310260,31,-71,-13,UNKNOWN,434.0,0,31,-81,-20,0,10,7
11-06 17:22:42.508,YES,1608055950294,434,16185,2300,310260,31,-70,-15,UNKNOWN,434.0,0,31,-81,-20,0,11,5
11-06 17:22:44.519,YES,1609783952549,434,16185,2300,310260,31,-75,-13,UNKNOWN,434.0,0,31,-81,-20,0,6,7
11-06 17:22:47.053,YES,1612307632696,434,16185,2300,310260,31,-74,-10,UNKNOWN,434.0,0,31,-78,-16,0,4,6
11-06 17:22:49.661,YES,1614703429133,434,16185,2300,310260,31,-77,-14,UNKNOWN,434.0,0,31,-78,-13,0,1,-1
11-06 17:22:51.915,YES,1616945293158,434,16185,2300,310260,31,-79,-12,UNKNOWN,434.0,0,31,-78,-16,0,-1,4
11-06 17:22:54.432,YES,1619475480598,434,16185,2300,310260,31,-84,-14,UNKNOWN,434.0,0,31,-78,-16,0,-6,2
11-06 17:22:56.873,YES,1621607522268,434,16185,2300,310260,31,-83,-14,UNKNOWN,434.0,0,31,-78,-16,0,-5,2
11-06 17:22:58.934,YES,1623956480315,434,16185,2300,310260,31,-86,-19,UNKNOWN,328.0,1,31,-74,-8,0,-12,-11
11-06 17:23:01.394,YES,1626454263324,328,16185,2300,310260,31,-78,-15,UNKNOWN,328.0,0,31,-73,-14,0,-5,-1
11-06 17:23:03.941,YES,1628974679461,328,16185,2300,310260,31,-87,-15,UNKNOWN,328.0,0,31,-73,-11,0,-14,-4
11-06 17:23:06.416,YES,1631474195178,328,16185,2300,310260,31,-79,-15,UNKNOWN,328.0,0,31,-73,-14,0,-6,-1
11-06 17:23:08.459,YES,1633505679756,328,16185,2300,310260,31,-84,-14,UNKNOWN,328.0,0,31,-73,-14,0,-11,0
11-06 17:23:10.565,YES,1635585712046,328,16185,2300,310260,31,-82,-12,UNKNOWN,328.0,0,31,-73,-11,0,-9,-1
11-06 17:23:13.063,YES,1638087606879,328,16185,2300,310260,31,-81,-14,UNKNOWN,328.0,0,31,-73,-14,0,-8,0
11-06 17:23:15.581,YES,1640590891972,328,16185,2300,310260,31,-83,-17,UNKNOWN,328.0,0,31,-73,-14,0,-10,-3
11-06 17:23:18.066,YES,1643085637116,328,16185,2300,310260,31,-87,-14,UNKNOWN,328.0,0,31,-73,-10,0,-14,-4
11-06 17:23:20.521,YES,1645572319500,328,16185,2300,310260,28,-96,-16,UNKNOWN,328.0,0,31,-73,-13,-3,-23,-3
11-06 17:23:23.037,YES,1648081501885,328,16185,2300,310260,26,-96,-13,UNKNOWN,328.0,0,31,-73,-13,-5,-23,0
11-06 17:23:25.531,YES,1650579684113,328,16185,2300,310260,26,-96,-13,UNKNOWN,328.0,0,31,-73,-13,-5,-23,0
11-06 17:23:28.479,YES,1652709696565,328,16185,2300,310260,27,-96,-16,UNKNOWN,328.0,0,31,-73,-14,-4,-23,-2
11-06 17:23:30.700,YES,1654724158693,328,16185,2300,310260,27,-96,-16,UNKNOWN,328.0,0,31,-73,-14,-4,-23,-2
11-06 17:23:33.568,YES,1656987372199,328,16185,2300,310260,28,-95,-17,UNKNOWN,328.0,0,31,-73,-14,-3,-22,-3
11-06 17:23:36.057,YES,1659489624688,328,16185,2300,310260,27,-97,-15,UNKNOWN,328.0,0,31,-73,-14,-4,-24,-1
11-06 17:23:38.553,YES,1661988405250,328,16185,2300,310260,26,-96,-15,UNKNOWN,328.0,0,31,-73,-14,-5,-23,-1
11-06 17:23:41.047,YES,1664248644589,328,16185,2300,310260,27,-98,-17,UNKNOWN,328.0,0,31,-73,-14,-4,-25,-3
11-06 17:23:43.165,YES,1666365658186,328,16185,2300,310260,26,-97,-16,UNKNOWN,328.0,0,31,-73,-13,-5,-24,-3
11-06 17:23:45.375,YES,1667970149856,328,16185,2300,310260,27,-98,-18,UNKNOWN,328.0,0,31,-78,-12,-4,-20,-6
11-06 17:23:47.572,YES,1669767822952,328,16185,2300,310260,26,-98,-17,UNKNOWN,328.0,0,31,-78,-15,-5,-20,-2
11-06 17:23:49.843,YES,1670857258008,328,16185,2300,310260,27,-97,-18,UNKNOWN,328.0,0,31,-78,-15,-4,-19,-3
11-06 17:23:52.531,YES,1673095823127,328,16185,2300,310260,27,-98,-17,UNKNOWN,328.0,0,31,-78,-13,-4,-20,-4
11-06 17:23:54.880,YES,1674185378340,328,16185,2300,310260,26,-97,-15,UNKNOWN,328.0,0,31,-78,-13,-5,-19,-2
11-06 17:24:03.438,YES,1676989424036,328,16185,2300,310260,27,-100,-19,UNKNOWN,370.0,1,31,-73,-14,-4,-27,-5
11-06 17:24:09.397,YES,1677678722906,370,16185,2300,310260,28,-88,-11,UNKNOWN,370.0,0,31,-78,-11,-3,-10,0
11-06 17:24:15.653,YES,1678059265132,370,16185,2300,310260,25,-96,-11,UNKNOWN,370.0,0,31,-78,-11,-6,-18,0
11-06 17:24:21.440,YES,1678772964682,370,16185,2300,310260,28,-89,-11,UNKNOWN,370.0,0,31,-78,-16,-3,-11,5
11-06 17:24:33.396,YES,1679447915999,370,16185,2300,310260,30,-86,-13,UNKNOWN,370.0,0,31,-78,-16,-1,-8,3
11-06 17:24:35.868,YES,1681935330570,370,16185,2300,310260,30,-90,-15,UNKNOWN,370.0,0,31,-78,-16,-1,-12,1
11-06 17:24:38.415,YES,1684460161707,370,16185,2300,310260,28,-90,-12,UNKNOWN,370.0,0,31,-73,-14,-3,-17,2
11-06 17:24:41.366,YES,1685860306742,370,16185,2300,310260,30,-86,-11,UNKNOWN,370.0,0,31,-73,-14,-1,-13,3
11-06 17:24:47.424,YES,1686737065632,370,16185,2300,310260,28,-92,-14,WALKING,370.0,0,31,-73,-14,-3,-19,0
11-06 17:24:53.453,YES,1687137016661,370,16185,2300,310260,29,-90,-13,WALKING,370.0,0,31,-73,-14,-2,-17,1
11-06 17:24:59.677,YES,1687433155232,370,16185,2300,310260,28,-90,-9,WALKING,370.0,0,31,-73,-14,-3,-17,5
11-06 17:25:05.434,YES,1689064907478,370,16185,2300,310260,29,-88,-11,WALKING,370.0,0,31,-73,-14,-2,-15,3
11-06 17:25:11.378,YES,1689775654111,370,16185,2300,310260,26,-90,-9,WALKING,370.0,0,31,-73,-14,-5,-17,5
11-06 17:25:11.625,YES,1689797027186,370,16185,2300,310260,26,-90,-9,WALKING,370.0,0,31,-73,-14,-5,-17,5
11-06 17:25:17.401,YES,1690746433844,370,16185,2300,310260,29,-91,-14,WALKING,370.0,0,31,-73,-14,-2,-18,0
11-06 17:25:23.496,YES,1691113491120,370,16185,2300,310260,29,-88,-13,WALKING,370.0,0,31,-73,-14,-2,-15,1
11-06 17:25:29.442,YES,1691807191085,370,16185,2300,310260,26,-90,-9,WALKING,370.0,0,31,-73,-14,-5,-17,5
11-06 17:25:35.404,YES,1692520490791,370,16185,2300,310260,26,-90,-8,WALKING,370.0,0,31,-73,-14,-5,-17,6
11-06 17:25:35.887,YES,1692551512253,370,16185,2300,310260,26,-90,-8,WALKING,370.0,0,31,-73,-14,-5,-17,6
11-06 17:25:37.933,YES,1695020686717,370,16185,2300,310260,26,-90,-9,WALKING,370.0,0,31,-73,-14,-5,-17,5
11-06 17:25:40.346,YES,1696967871286,370,16185,2300,310260,26,-90,-8,WALKING,370.0,0,31,-73,-14,-5,-17,6
11-06 17:25:46.388,YES,1697591356192,370,16185,2300,310260,28,-88,-11,STILL,370.0,0,31,-73,-14,-3,-15,3
11-06 17:25:48.867,YES,1700077306700,370,16185,2300,310260,29,-92,-13,STILL,370.0,0,31,-73,-14,-2,-19,1
11-06 17:25:51.415,YES,1702606120546,370,16185,2300,310260,27,-92,-11,STILL,370.0,0,31,-73,-14,-4,-19,3
11-06 17:25:51.877,YES,1702635697111,370,16185,2300,310260,27,-92,-11,STILL,370.0,0,31,-73,-14,-4,-19,3
11-06 17:25:57.469,YES,1703493895791,370,16185,2300,310260,26,-92,-8,STILL,370.0,0,31,-73,-14,-5,-19,6
11-06 17:25:59.577,YES,1704886869158,370,16185,2300,310260,28,-93,-14,WALKING,370.0,0,31,-73,-14,-3,-20,0
11-06 17:26:02.217,YES,1706805804506,370,16185,2300,310260,28,-89,-12,WALKING,370.0,0,31,-73,-14,-3,-16,2
11-06 17:26:04.739,YES,1709330457049,370,16185,2300,310260,28,-88,-11,WALKING,370.0,0,31,-73,-14,-3,-15,3
11-06 17:26:06.967,YES,1711416815903,370,16185,2300,310260,29,-90,-14,WALKING,370.0,0,31,-73,-14,-2,-17,0
11-06 17:26:15.376,YES,1713962362771,370,16185,2300,310260,27,-93,-12,WALKING,370.0,0,31,-73,-14,-4,-20,2
11-06 17:26:20.481,YES,1714366067863,370,16185,2300,310260,29,-86,-9,WALKING,370.0,0,31,-73,-14,-2,-13,5
11-06 17:26:26.380,YES,1714945986463,370,16185,2300,310260,28,-89,-11,WALKING,370.0,0,31,-73,-14,-3,-16,3
11-06 17:26:36.370,YES,1715627802051,370,16185,2300,310260,27,-94,-15,WALKING,370.0,0,31,-73,-14,-4,-21,-1
11-06 17:26:38.895,YES,1718138528656,370,16185,2300,310260,27,-92,-10,WALKING,370.0,0,31,-73,-10,-4,-19,0
11-06 17:26:42.947,YES,1719811377416,370,16185,2300,310260,31,-88,-16,WALKING,370.0,0,31,-73,-8,0,-15,-8
11-06 17:26:44.973,YES,1721853586526,370,16185,2300,310260,31,-88,-17,WALKING,370.0,0,31,-73,-14,0,-15,-3
11-06 17:26:47.475,YES,1724343558597,370,16185,2300,310260,31,-89,-19,WALKING,370.0,0,31,-73,-14,0,-16,-5
11-06 17:26:50.031,YES,1726871004421,370,16185,2300,310260,31,-88,-16,WALKING,370.0,0,31,-73,-9,0,-15,-7
11-06 17:26:52.528,YES,1729374448421,370,16185,2300,310260,31,-86,-18,WALKING,370.0,0,31,-73,-14,0,-13,-4
11-06 17:26:55.018,YES,1731876974451,370,16185,2300,310260,31,-88,-19,WALKING,370.0,0,31,-73,-14,0,-15,-5
11-06 17:26:57.555,YES,1734394774285,370,16185,2300,310260,31,-79,-14,WALKING,370.0,0,31,-73,-14,0,-6,0
11-06 17:27:00.074,YES,1736912732297,370,16185,2300,310260,31,-87,-17,WALKING,370.0,0,31,-73,-14,0,-14,-3
11-06 17:27:02.517,YES,1739394347492,370,16185,2300,310260,31,-85,-18,WALKING,370.0,0,31,-73,-13,0,-12,-5
11-06 17:27:05.068,YES,1741925082067,370,16185,2300,310260,31,-82,-16,WALKING,370.0,0,31,-73,-9,0,-9,-7
11-06 17:27:07.591,YES,1744442724140,370,16185,2300,310260,31,-83,-11,WALKING,370.0,0,31,-73,-12,0,-10,1
11-06 17:27:10.101,YES,1746958226787,370,16185,2300,310260,31,-83,-16,WALKING,370.0,0,31,-73,-14,0,-10,-2
11-06 17:27:12.614,YES,1749469798600,370,16185,2300,310260,31,-87,-18,WALKING,370.0,0,31,-73,-14,0,-14,-4
11-06 17:27:15.105,YES,1751974902547,370,16185,2300,310260,31,-89,-20,WALKING,171.0,1,31,-73,-14,0,-16,-6
11-06 17:27:17.635,YES,1754496199361,171,16185,2300,310260,31,-80,-11,WALKING,171.0,0,31,-73,-14,0,-7,3
11-06 17:27:20.148,YES,1757004065340,171,16185,2300,310260,31,-85,-12,WALKING,171.0,0,31,-73,-13,0,-12,1
11-06 17:27:22.661,YES,1759520061111,171,16185,2300,310260,31,-80,-12,WALKING,171.0,0,31,-73,-14,0,-7,2
11-06 17:27:25.175,YES,1762032291726,171,16185,2300,310260,31,-82,-15,WALKING,171.0,0,31,-73,-14,0,-9,-1
11-06 17:27:27.698,YES,1764538767757,171,16185,2300,310260,31,-78,-13,WALKING,171.0,0,31,-73,-14,0,-5,1
11-06 17:27:30.209,YES,1767052654570,171,16185,2300,310260,31,-80,-15,WALKING,171.0,0,31,-73,-14,0,-7,-1
11-06 17:27:32.714,YES,1769558357997,171,16185,2300,310260,31,-81,-9,WALKING,171.0,0,31,-73,-14,0,-8,5
11-06 17:27:35.209,YES,1772068985539,171,16185,2300,310260,31,-82,-10,WALKING,171.0,0,31,-73,-14,0,-9,4
11-06 17:27:37.729,YES,1774580939226,171,16185,2300,310260,31,-82,-13,WALKING,171.0,0,31,-73,-14,0,-9,1
11-06 17:27:40.234,YES,1777089418435,171,16185,2300,310260,31,-79,-16,WALKING,171.0,0,31,-73,-14,0,-6,-2
11-06 17:27:42.734,YES,1779588308111,171,16185,2300,310260,31,-78,-12,WALKING,171.0,0,31,-73,-14,0,-5,2
11-06 17:27:45.241,YES,1782104512528,171,16185,2300,310260,31,-85,-12,WALKING,171.0,0,31,-73,-13,0,-12,1
11-06 17:27:47.778,YES,1784640759239,171,16185,2300,310260,31,-82,-10,WALKING,171.0,0,31,-73,-11,0,-9,1
11-06 17:27:50.319,YES,1787166972563,171,16185,2300,310260,31,-80,-13,WALKING,171.0,0,31,-73,-14,0,-7,1
11-06 17:27:52.574,YES,1789421699194,171,16185,2300,310260,31,-76,-9,WALKING,171.0,0,31,-73,-14,0,-3,5
11-06 17:28:00.379,YES,1791506304714,171,16185,2300,310260,30,-87,-12,WALKING,171.0,0,31,-73,-14,-1,-14,2
11-06 17:28:06.463,YES,1791920195016,171,16185,2300,310260,30,-83,-8,WALKING,171.0,0,31,-73,-14,-1,-10,6
11-06 17:28:08.631,YES,1794131674976,171,16185,2300,310260,28,-89,-11,WALKING,171.0,0,31,-73,-10,-3,-16,-1
11-06 17:28:11.260,YES,1795985657088,171,16185,2300,310260,28,-90,-10,WALKING,171.0,0,31,-73,-13,-3,-17,3
11-06 17:28:13.323,YES,1798054366148,171,16185,2300,310260,30,-85,-12,WALKING,171.0,0,31,-73,-14,-1,-12,2
11-06 17:28:15.410,YES,1800142663700,171,16185,2300,310260,31,-86,-13,WALKING,171.0,0,31,-73,-14,0,-13,1
11-06 17:28:17.879,YES,1802337024335,171,16185,2300,310260,27,-89,-9,WALKING,171.0,0,31,-73,-14,-4,-16,5
11-06 17:28:19.859,YES,1804595982112,171,16185,2300,310260,27,-96,-14,WALKING,171.0,0,31,-73,-14,-4,-23,0
11-06 17:28:23.365,YES,1805133135082,171,16185,2300,310260,27,-93,-12,WALKING,171.0,0,31,-73,-14,-4,-20,2
11-06 17:28:31.829,YES,1805789474835,171,16185,2300,310260,24,-96,-10,WALKING,171.0,0,31,-73,-14,-7,-23,4
11-06 17:28:34.328,YES,1808280049875,171,16185,2300,310260,27,-94,-14,WALKING,171.0,0,31,-73,-14,-4,-21,0
11-06 17:28:36.798,YES,1810321662110,171,16185,2300,310260,24,-94,-9,WALKING,171.0,0,31,-73,-14,-7,-21,5
11-06 17:28:38.457,YES,1812409057005,171,16185,2300,310260,22,-101,-10,WALKING,171.0,0,31,-73,-14,-9,-28,4
11-06 17:28:40.911,YES,1814515166277,171,16185,2300,310260,23,-97,-9,WALKING,171.0,0,31,-73,-14,-8,-24,5
11-06 17:28:42.930,YES,1816902197974,171,16185,2300,310260,23,-100,-9,WALKING,171.0,0,31,-73,-14,-8,-27,5
11-06 17:28:45.448,YES,1819409653640,171,16185,2300,310260,26,-96,-15,WALKING,171.0,0,31,-73,-14,-5,-23,-1
11-06 17:28:47.938,YES,1821908356024,171,16185,2300,310260,25,-91,-8,WALKING,171.0,0,31,-73,-14,-6,-18,6
11-06 17:28:50.460,YES,1824406161794,171,16185,2300,310260,27,-93,-13,WALKING,171.0,0,31,-73,-14,-4,-20,1
11-06 17:28:52.945,YES,1826916821002,171,16185,2300,310260,26,-93,-10,WALKING,171.0,0,31,-73,-14,-5,-20,4
11-06 17:28:55.447,YES,1828936345058,171,16185,2300,310260,22,-97,-8,WALKING,171.0,0,31,-73,-14,-9,-24,6
11-06 17:28:57.465,YES,1831172193978,171,16185,2300,310260,24,-96,-10,WALKING,171.0,0,31,-73,-14,-7,-23,4
11-06 17:28:59.517,YES,1833454046133,171,16185,2300,310260,23,-98,-9,WALKING,171.0,0,31,-73,-14,-8,-25,5
11-06 17:29:02.012,YES,1835952763465,171,16185,2300,310260,24,-98,-9,WALKING,171.0,0,31,-73,-14,-7,-25,5
11-06 17:29:04.471,YES,1838436464337,171,16185,2300,310260,27,-89,-9,WALKING,171.0,0,31,-73,-14,-4,-16,5
11-06 17:29:07.046,YES,1840990664540,171,16185,2300,310260,22,-100,-10,WALKING,171.0,0,31,-73,-14,-9,-27,4
11-06 17:29:09.499,YES,1843452752858,171,16185,2300,310260,23,-95,-8,WALKING,171.0,0,31,-73,-14,-8,-22,6
11-06 17:29:11.953,YES,1845835879658,171,16185,2300,310260,26,-93,-11,WALKING,171.0,0,31,-73,-14,-5,-20,3
11-06 17:29:14.021,YES,1847969081277,171,16185,2300,310260,26,-99,-14,WALKING,171.0,0,31,-73,-14,-5,-26,0
11-06 17:29:16.544,YES,1850472103714,171,16185,2300,310260,23,-101,-9,WALKING,171.0,0,31,-73,-14,-8,-28,5
11-06 17:29:19.043,YES,1852977063130,171,16185,2300,310260,23,-100,-8,WALKING,171.0,0,31,-73,-14,-8,-27,6
11-06 17:29:21.624,YES,1855531695988,171,16185,2300,310260,21,-100,-9,WALKING,171.0,0,31,-73,-14,-10,-27,5
11-06 17:29:24.046,YES,1857988726754,171,16185,2300,310260,23,-100,-9,WALKING,171.0,0,31,-73,-14,-8,-27,5
11-06 17:29:26.497,YES,1860469191116,171,16185,2300,310260,26,-98,-17,WALKING,171.0,0,31,-73,-14,-5,-25,-3
11-06 17:29:28.566,YES,1862516925226,171,16185,2300,310260,28,-97,-19,WALKING,171.0,0,31,-73,-14,-3,-24,-5
11-06 17:29:31.061,YES,1865018882611,171,16185,2300,310260,25,-102,-14,WALKING,171.0,0,31,-73,-13,-6,-29,-1
11-06 17:29:33.671,YES,1867555024999,171,16185,2300,310260,25,-99,-16,WALKING,171.0,0,31,-73,-14,-6,-26,-2
11-06 17:29:33.988,YES,1867634027454,171,16185,2300,310260,25,-99,-16,WALKING,171.0,0,31,-73,-14,-6,-26,-2
11-06 17:29:36.050,YES,1869999570919,171,16185,2300,310260,30,-101,-20,WALKING,171.0,0,31,-73,-14,-1,-28,-6
11-06 17:29:38.556,YES,1872507131013,171,16185,2300,310260,27,-104,-20,WALKING,171.0,0,31,-73,-14,-4,-31,-6
11-06 17:29:41.002,YES,1874728825765,171,16185,2300,310260,25,-107,-20,WALKING,171.0,0,31,-73,-14,-6,-34,-6
11-06 17:29:43.073,YES,1877016837608,171,16185,2300,310260,27,-102,-20,WALKING,171.0,0,31,-73,-14,-4,-29,-6
11-06 17:29:45.570,YES,1879518188586,171,16185,2300,310260,25,-100,-17,WALKING,171.0,0,31,-73,-14,-6,-27,-3
11-06 17:29:47.969,YES,1881752277246,171,16185,2300,310260,24,-107,-20,WALKING,371.0,1,31,-73,-14,-7,-34,-6
11-06 17:29:50.133,YES,1882523947479,371,16185,2300,310260,25,-100,-16,WALKING,371.0,0,31,-73,-14,-6,-27,-2
11-06 17:29:52.682,YES,1885031187104,371,16185,2300,310260,26,-98,-15,WALKING,371.0,0,31,-73,-14,-5,-25,-1
11-06 17:29:55.107,YES,1887159785441,371,16185,2300,310260,31,-95,-20,WALKING,387.0,1,31,-73,-14,0,-22,-6
11-06 17:29:57.149,YES,1889516980207,387,16185,2300,310260,31,-86,-14,WALKING,387.0,0,31,0,0,0,-86,-14
11-06 17:29:59.680,YES,1892044561553,387,16185,2300,310260,29,-89,-12,WALKING,387.0,0,31,0,0,-2,-89,-12
11-06 17:30:02.175,YES,1894532009978,387,16185,2300,310260,28,-91,-14,WALKING,387.0,0,31,0,0,-3,-91,-14
11-06 17:30:04.671,YES,1897043075697,387,16185,2300,310260,29,-91,-14,WALKING,387.0,0,31,0,0,-2,-91,-14
11-06 17:30:07.184,YES,1899555384332,387,16185,2300,310260,23,-102,-14,WALKING,387.0,0,31,0,0,-8,-102,-14
11-06 17:30:09.695,YES,1902069000676,387,16185,2300,310260,25,-98,-14,WALKING,387.0,0,31,0,0,-6,-98,-14
11-06 17:30:12.227,YES,1904578478426,387,16185,2300,310260,28,-94,-16,WALKING,387.0,0,31,0,0,-3,-94,-16
11-06 17:30:14.753,YES,1907093882427,387,16185,2300,310260,26,-90,-8,WALKING,387.0,0,31,0,0,-5,-90,-8
11-06 17:30:17.236,YES,1909577434289,387,16185,2300,310260,27,-93,-13,WALKING,387.0,0,31,0,0,-4,-93,-13
11-06 17:30:19.678,YES,1911764163101,387,16185,2300,310260,28,-92,-14,WALKING,387.0,0,31,0,0,-3,-92,-14
11-06 17:30:21.721,YES,1914094923749,387,16185,2300,310260,27,-94,-13,WALKING,387.0,0,31,0,0,-4,-94,-13
11-06 17:30:24.206,YES,1916352551422,387,16185,2300,310260,24,-100,-14,WALKING,387.0,0,31,0,0,-7,-100,-14
11-06 17:30:26.243,YES,1918601718209,387,16185,2300,310260,24,-98,-12,WALKING,387.0,0,31,0,0,-7,-98,-12
11-06 17:30:28.729,YES,1921102731739,387,16185,2300,310260,28,-90,-13,WALKING,387.0,0,31,0,0,-3,-90,-13
11-06 17:30:31.194,YES,1923511713594,387,16185,2300,310260,25,-97,-14,WALKING,387.0,0,31,0,0,-6,-97,-14
11-06 17:30:33.237,YES,1925604916563,387,16185,2300,310260,25,-95,-11,WALKING,387.0,0,31,0,0,-6,-95,-11
11-06 17:30:35.789,YES,1928124850720,387,16185,2300,310260,26,-94,-12,WALKING,387.0,0,31,0,0,-5,-94,-12
11-06 17:30:38.274,YES,1930625863990,387,16185,2300,310260,29,-92,-16,WALKING,387.0,0,31,0,0,-2,-92,-16
11-06 17:30:40.781,YES,1933133592365,387,16185,2300,310260,25,-95,-10,WALKING,387.0,0,31,0,0,-6,-95,-10
11-06 17:30:43.210,YES,1935203691217,387,16185,2300,310260,28,-89,-10,WALKING,387.0,0,31,0,0,-3,-89,-10
11-06 17:30:45.293,YES,1937647818440,387,16185,2300,310260,25,-95,-11,WALKING,387.0,0,31,0,0,-6,-95,-11
11-06 17:30:47.718,YES,1939939507262,387,16185,2300,310260,25,-98,-15,WALKING,387.0,0,31,0,0,-6,-98,-15
11-06 17:30:49.806,YES,1942155162170,387,16185,2300,310260,27,-97,-17,WALKING,387.0,0,31,0,0,-4,-97,-17
11-06 17:30:52.311,YES,1944658760440,387,16185,2300,310260,26,-97,-16,WALKING,387.0,0,31,0,0,-5,-97,-16
11-06 17:30:54.798,YES,1947158079699,387,16185,2300,310260,25,-101,-15,WALKING,387.0,0,31,0,0,-6,-101,-15
11-06 17:30:57.356,YES,1949666349637,387,16185,2300,310260,23,-105,-15,WALKING,387.0,0,31,0,0,-8,-105,-15
11-06 17:30:59.829,YES,1952205767911,387,16185,2300,310260,23,-103,-14,WALKING,387.0,0,31,0,0,-8,-103,-14
11-06 17:31:02.336,YES,1954691134408,387,16185,2300,310260,25,-103,-18,WALKING,387.0,0,31,0,0,-6,-103,-18
11-06 17:31:04.858,YES,1957202374971,387,16185,2300,310260,24,-104,-17,WALKING,387.0,0,31,0,0,-7,-104,-17
11-06 17:31:07.346,YES,1959703788918,387,16185,2300,310260,29,-100,-17,WALKING,387.0,0,31,0,0,-2,-100,-17
11-06 17:31:09.846,YES,1962213982710,387,16185,2300,310260,25,-100,-17,WALKING,387.0,0,31,0,0,-6,-100,-17
11-06 17:31:12.367,YES,1964718962178,387,16185,2300,310260,25,-95,-11,WALKING,387.0,0,31,0,0,-6,-95,-11
11-06 17:31:14.873,YES,1967223400969,387,16185,2300,310260,25,-96,-12,WALKING,387.0,0,31,0,0,-6,-96,-12
11-06 17:31:17.393,YES,1969762120128,387,16185,2300,310260,25,-101,-17,WALKING,387.0,0,31,0,0,-6,-101,-17
11-06 17:31:19.844,YES,1971817447937,387,16185,2300,310260,23,-103,-14,WALKING,387.0,0,31,0,0,-8,-103,-14
11-06 17:31:21.894,YES,1974255475316,387,16185,2300,310260,27,-94,-13,WALKING,387.0,0,31,0,0,-4,-94,-13
11-06 17:31:24.419,YES,1976781735619,387,16185,2300,310260,26,-98,-16,WALKING,387.0,0,31,0,0,-5,-98,-16
11-06 17:31:26.908,YES,1979268117742,387,16185,2300,310260,26,-103,-20,WALKING,387.0,0,31,0,0,-5,-103,-20
11-06 17:31:29.424,YES,1981777442627,387,16185,2300,310260,25,-99,-15,WALKING,387.0,0,31,0,0,-6,-99,-15
11-06 17:31:31.911,YES,1984275519960,387,16185,2300,310260,28,-101,-20,WALKING,171.0,1,31,0,0,-3,-101,-20
11-06 17:31:34.424,YES,1986803700680,171,16185,2300,310260,27,-88,-9,WALKING,171.0,0,31,0,0,-4,-88,-9
11-06 17:31:36.934,YES,1989298563481,171,16185,2300,310260,28,-88,-8,WALKING,171.0,0,31,0,0,-3,-88,-8
11-06 17:31:39.428,YES,1991810015762,171,16185,2300,310260,27,-91,-12,WALKING,171.0,0,31,0,0,-4,-91,-12
11-06 17:31:41.957,YES,1994323397210,171,16185,2300,310260,26,-94,-9,WALKING,171.0,0,31,0,0,-5,-94,-9
11-06 17:31:44.469,YES,1996828834543,171,16185,2300,310260,24,-98,-11,WALKING,171.0,0,31,0,0,-7,-98,-11
11-06 17:31:46.983,YES,1999342768648,171,16185,2300,310260,24,-98,-12,WALKING,171.0,0,31,0,0,-7,-98,-12
11-06 17:31:49.935,YES,2001700577997,171,16185,2300,310260,25,-97,-11,WALKING,171.0,0,31,0,0,-6,-97,-11
11-06 17:31:54.208,YES,2004430585769,171,16185,2300,310260,21,-101,-10,WALKING,171.0,0,31,0,0,-10,-101,-10
11-06 17:31:56.691,YES,2006503764518,171,16185,2300,310260,25,-93,-9,WALKING,171.0,0,31,0,0,-6,-93,-9
11-06 17:31:58.948,YES,2007889467729,171,16185,2300,310260,24,-95,-10,WALKING,171.0,0,31,0,0,-7,-95,-10
11-06 17:32:01.317,YES,2009865084748,171,16185,2300,310260,22,-102,-11,WALKING,171.0,0,31,0,0,-9,-102,-11
11-06 17:32:03.845,YES,2012424483493,171,16185,2300,310260,22,-99,-10,WALKING,171.0,0,31,0,0,-9,-99,-10
11-06 17:32:06.337,YES,2014916953064,171,16185,2300,310260,27,-95,-14,WALKING,171.0,0,31,0,0,-4,-95,-14
11-06 17:32:08.860,YES,2017426290033,171,16185,2300,310260,26,-93,-10,WALKING,171.0,0,31,0,0,-5,-93,-10
11-06 17:32:11.117,YES,2019475023987,171,16185,2300,310260,25,-95,-11,WALKING,171.0,0,31,0,0,-6,-95,-11
11-06 17:32:13.562,YES,2021525659712,171,16185,2300,310260,28,-90,-13,WALKING,171.0,0,31,0,0,-3,-90,-13
11-06 17:32:18.368,YES,2022979105430,171,16185,2300,310260,26,-90,-8,WALKING,171.0,0,31,0,0,-5,-90,-8
11-06 17:32:18.902,YES,2022990243139,171,16185,2300,310260,26,-90,-8,WALKING,171.0,0,31,0,0,-5,-90,-8
11-06 17:32:24.420,YES,2023962773340,171,16185,2300,310260,22,-105,-14,WALKING,171.0,0,31,0,0,-9,-105,-14
11-06 17:32:28.780,YES,2024684951589,171,16185,2300,310260,22,-111,-20,WALKING,171.0,0,31,0,0,-9,-111,-20
11-06 17:32:31.077,YES,2026971881557,171,16185,2300,310260,24,-105,-19,WALKING,171.0,0,31,0,0,-7,-105,-19
11-06 17:32:35.370,YES,2027866757271,171,16185,2300,310260,23,-110,-20,WALKING,171.0,0,31,0,0,-8,-110,-20
11-06 17:32:37.532,YES,2030026685663,171,16185,2300,310260,24,-108,-20,WALKING,171.0,0,31,0,0,-7,-108,-20
11-06 17:32:40.060,YES,2032315445995,171,16185,2300,310260,25,-108,-20,WALKING,370.0,1,31,0,0,-6,-108,-20
11-06 17:32:46.433,YES,2033779412339,370,16185,2300,310260,26,-110,-20,WALKING,370.0,0,31,0,0,-5,-110,-20
11-06 17:32:48.933,YES,2036274296650,370,16185,2300,310260,26,-107,-20,WALKING,387.0,1,31,0,0,-5,-107,-20
11-06 17:32:54.216,YES,2036913690360,387,16185,2300,310260,24,-97,-12,WALKING,387.0,0,31,0,0,-7,-97,-12
11-06 17:32:56.996,YES,2038557474586,387,16185,2300,310260,23,-102,-14,WALKING,387.0,0,31,0,0,-8,-102,-14
11-06 17:32:59.105,YES,2040650515992,387,16185,2300,310260,23,-101,-13,WALKING,387.0,0,31,0,0,-8,-101,-13
11-06 17:33:01.405,YES,2042952114399,387,16185,2300,310260,24,-98,-11,WALKING,387.0,0,31,0,0,-7,-98,-11
11-06 17:33:04.130,YES,2045690386338,387,16185,2300,310260,26,-98,-16,WALKING,387.0,0,31,0,0,-5,-98,-16
11-06 17:33:06.657,YES,2048210190339,387,16185,2300,310260,24,-98,-11,WALKING,387.0,0,31,0,0,-7,-98,-11
11-06 17:33:08.716,YES,2050260789241,387,16185,2300,310260,25,-95,-11,WALKING,387.0,0,31,0,0,-6,-95,-11
11-06 17:33:11.144,YES,2052386208515,387,16185,2300,310260,24,-97,-11,WALKING,387.0,0,31,0,0,-7,-97,-11
11-06 17:33:13.222,YES,2054762706044,387,16185,2300,310260,26,-99,-17,WALKING,387.0,0,31,0,0,-5,-99,-17
11-06 17:33:15.379,YES,2056916438133,387,16185,2300,310260,24,-97,-12,WALKING,387.0,0,31,0,0,-7,-97,-12
11-06 17:33:17.882,YES,2059422301821,387,16185,2300,310260,27,-91,-9,WALKING,387.0,0,31,0,0,-4,-91,-9
11-06 17:33:20.361,YES,2061914764621,387,16185,2300,310260,25,-98,-12,WALKING,387.0,0,31,0,0,-6,-98,-12
11-06 17:33:22.892,YES,2064424527631,387,16185,2300,310260,30,-87,-14,WALKING,387.0,0,31,0,0,-1,-87,-14
11-06 17:33:25.411,YES,2066946445122,387,16185,2300,310260,30,-87,-12,WALKING,387.0,0,31,0,0,-1,-87,-12
11-06 17:33:27.895,YES,2069443672506,387,16185,2300,310260,27,-96,-15,WALKING,387.0,0,31,0,0,-4,-96,-15
11-06 17:33:30.399,YES,2071945565829,387,16185,2300,310260,28,-90,-11,WALKING,387.0,0,31,0,0,-3,-90,-11
11-06 17:33:32.929,YES,2074456777172,387,16185,2300,310260,29,-89,-12,WALKING,387.0,0,31,0,0,-2,-89,-12
11-06 17:33:35.427,YES,2076960858932,387,16185,2300,310260,29,-92,-16,WALKING,387.0,0,31,0,0,-2,-92,-16
11-06 17:33:37.923,YES,2079461627671,387,16185,2300,310260,25,-97,-13,WALKING,387.0,0,31,0,0,-6,-97,-13
11-06 17:33:40.378,YES,2081503912822,387,16185,2300,310260,25,-96,-13,WALKING,387.0,0,31,0,0,-6,-96,-13
11-06 17:33:42.433,YES,2083975942912,387,16185,2300,310260,28,-95,-16,WALKING,387.0,0,31,0,0,-3,-95,-16
11-06 17:33:44.950,YES,2086476000193,387,16185,2300,310260,27,-94,-13,WALKING,387.0,0,31,0,0,-4,-94,-13
11-06 17:33:47.433,YES,2088979584921,387,16185,2300,310260,26,-95,-12,WALKING,387.0,0,31,0,0,-5,-95,-12
11-06 17:33:49.952,YES,2091493267776,387,16185,2300,310260,27,-96,-15,WALKING,387.0,0,31,0,0,-4,-96,-15
11-06 17:33:52.448,YES,2093995626827,387,16185,2300,310260,26,-95,-12,WALKING,387.0,0,31,0,0,-5,-95,-12
11-06 17:33:54.561,YES,2095096664593,387,16185,2300,310260,27,-95,-15,WALKING,387.0,0,31,0,0,-4,-95,-15
11-06 17:33:57.033,YES,2097570437913,387,16185,2300,310260,26,-90,-8,WALKING,387.0,0,31,0,0,-5,-90,-8
11-06 17:33:59.086,YES,2099611433116,387,16185,2300,310260,28,-87,-9,WALKING,387.0,0,31,0,0,-3,-87,-9
11-06 17:34:01.207,YES,2101169240146,387,16185,2300,310260,29,-87,-11,WALKING,387.0,0,31,0,0,-2,-87,-11
11-06 17:34:06.313,YES,2103731753162,387,16185,2300,310260,22,-106,-16,WALKING,387.0,0,31,0,0,-9,-106,-16
11-06 17:34:08.794,YES,2106234348828,387,16185,2300,310260,20,-109,-16,WALKING,387.0,0,31,0,0,-11,-109,-16
11-06 17:34:11.420,YES,2108768060382,387,16185,2300,310260,15,-120,-17,WALKING,387.0,0,10,-121,-17,5,1,0
11-06 17:34:13.765,YES,2110945281328,387,16185,675,310260,15,-117,-14,WALKING,371.0,1,7,-128,-19,8,11,5
11-06 17:34:15.784,YES,2113231186504,371,16185,5035,310260,14,-114,-14,WALKING,371.0,0,31,0,0,-17,-114,-14
11-06 17:34:18.269,YES,2115300474314,371,16185,5035,310260,12,-125,-20,WALKING,371.0,0,9,-118,-13,3,-7,-7
11-06 17:34:20.257,YES,2117386992543,371,16185,5035,310260,12,-123,-20,WALKING,371.0,0,8,-124,-16,4,1,-4
11-06 17:34:22.309,YES,2119735716735,371,16185,5035,310260,10,-126,-18,WALKING,371.0,0,6,-129,-15,4,3,-3
11-06 17:34:24.830,YES,2122251253496,371,16185,5035,310260,10,-132,-20,WALKING,193.0,1,8,-127,-20,2,-5,0
11-06 17:34:34.141,YES,2125291956403,193,65535,5035,null000,2147483647,2147483647,2147483647,WALKING,193.0,0,0,-1000,-1000,2147483647,2147484647,2147484647
11-06 17:34:36.201,YES,2127291952175,193,16185,5035,310260,10,-123,-15,WALKING,193.0,0,8,-128,-20,2,5,5
11-06 17:34:38.727,YES,2129829993470,193,16185,5035,310260,10,-120,-13,WALKING,193.0,0,7,-130,-20,3,10,7
11-06 17:34:41.205,YES,2132274479026,193,16185,5035,310260,12,-117,-12,WALKING,193.0,0,11,-121,-19,1,4,7
11-06 17:34:43.268,YES,2134357555848,193,16185,5035,310260,13,-118,-17,WALKING,193.0,0,10,-121,-18,3,3,1
11-06 17:34:45.587,YES,2136665795922,193,16185,5035,310260,12,-125,-20,WALKING,193.0,0,9,-121,-15,3,-4,-5
11-06 17:34:49.184,YES,2138216092482,193,16185,5035,310260,11,-120,-13,WALKING,193.0,0,8,-125,-17,3,5,4
11-06 17:34:51.709,YES,2140724927941,193,16185,5035,310260,10,-127,-20,WALKING,193.0,0,0,-1000,-1000,10,873,980
11-06 17:34:54.160,YES,2142811417940,193,16185,5035,310260,9,-126,-17,WALKING,193.0,0,0,-1000,-1000,9,874,983
11-06 17:34:56.223,YES,2145236166671,193,16185,5035,310260,10,-124,-16,WALKING,193.0,0,7,-134,-20,3,10,4
11-06 17:35:04.380,YES,2147635096494,193,16185,5035,310260,11,-121,-14,WALKING,193.0,0,31,0,0,-20,-121,-14
11-06 17:35:06.436,YES,2149664875237,193,16185,5035,310260,16,-113,-14,WALKING,193.0,0,10,-123,-20,6,10,6
11-06 17:35:08.687,YES,2151873775041,193,16185,5035,310260,13,-118,-16,WALKING,193.0,0,11,-120,-18,2,2,2
11-06 17:35:11.211,YES,2154387435343,193,16185,5035,310260,13,-118,-10,WALKING,193.0,0,11,-121,-19,2,3,9
11-06 17:35:13.705,YES,2156884630175,193,16185,5035,310260,12,-118,-14,WALKING,193.0,0,7,-127,-19,5,9,5
11-06 17:35:16.188,YES,2159379057559,193,16185,5035,310260,11,-116,-12,WALKING,193.0,0,8,-127,-20,3,11,8
11-06 17:35:18.667,YES,2161833504627,193,16185,5035,310260,11,-115,-9,WALKING,193.0,0,7,-129,-20,4,14,11
11-06 17:35:21.134,YES,2164324490812,193,16185,5035,310260,12,-117,-13,WALKING,193.0,0,0,-1000,-1000,12,883,987
11-06 17:35:23.646,YES,2166836208667,193,16185,5035,310260,10,-118,-9,WALKING,193.0,0,0,-1000,-1000,10,882,991
11-06 17:35:25.839,YES,2169004378622,193,16185,5035,310260,14,-116,-16,WALKING,193.0,0,0,-1000,-1000,14,884,984
11-06 17:35:28.297,YES,2171492199339,193,16185,5035,310260,13,-117,-15,WALKING,193.0,0,0,-1000,-1000,13,883,985
11-06 17:35:30.825,YES,2173999399537,193,16185,5035,310260,12,-116,-12,WALKING,193.0,0,0,-1000,-1000,12,884,988
11-06 17:35:36.455,YES,2175281793050,193,16185,5035,310260,13,-118,-15,WALKING,193.0,0,0,-1000,-1000,13,882,985
11-06 17:35:41.520,YES,2175752942159,193,16185,5035,310260,13,-118,-15,WALKING,193.0,0,0,-1000,-1000,13,882,985
11-06 17:35:43.940,YES,2178191938861,193,16185,5035,310260,13,-118,-17,WALKING,193.0,0,8,-126,-19,5,8,2
11-06 17:35:46.519,YES,2180463072160,193,16185,5035,310260,14,-113,-12,WALKING,193.0,0,10,-125,-19,4,12,7
11-06 17:35:54.455,YES,2182372110058,193,16185,5035,310260,17,-111,-16,WALKING,193.0,0,14,-117,-18,3,6,2
11-06 17:35:58.774,YES,2183613368255,193,16185,5035,310260,13,-117,-15,WALKING,193.0,0,8,-126,-20,5,9,5
11-06 17:35:59.327,YES,2183644742685,193,16185,5035,310260,13,-117,-15,STILL,193.0,0,8,-126,-20,5,9,5
11-06 17:36:11.043,YES,2185421383331,193,16185,5035,310260,12,-119,-16,STILL,193.0,0,0,-1000,-1000,12,881,984
11-06 17:36:14.941,YES,2186830187690,193,16185,5035,310260,14,-118,-18,STILL,193.0,0,0,-1000,-1000,14,882,982
11-06 17:36:17.076,YES,2187964839834,193,16185,5035,310260,15,-117,-17,STILL,193.0,0,0,-1000,-1000,15,883,983
11-06 17:36:20.135,YES,2188459751446,193,16185,5035,310260,14,-115,-14,STILL,193.0,0,0,-1000,-1000,14,885,986
11-06 17:36:22.304,YES,2188965176236,193,16185,5035,310260,14,-113,-13,STILL,193.0,0,0,-1000,-1000,14,887,987
11-06 17:36:27.163,YES,2191144439005,193,16185,5035,310260,12,-118,-14,STILL,193.0,0,0,-1000,-1000,12,882,986
11-06 17:36:29.481,YES,2192377239857,193,16185,5035,310260,12,-117,-13,STILL,193.0,0,0,-1000,-1000,12,883,987
11-06 17:36:31.971,YES,2194871752970,193,16185,5035,310260,12,-117,-12,STILL,193.0,0,0,-1000,-1000,12,883,988
11-06 17:36:34.489,YES,2197379386605,193,16185,5035,310260,16,-110,-14,STILL,193.0,0,0,-1000,-1000,16,890,986
11-06 17:36:36.991,YES,2199887835136,193,16185,5035,310260,13,-118,-16,STILL,193.0,0,0,-1000,-1000,13,882,984
11-06 17:36:39.486,YES,2202389954240,193,16185,5035,310260,14,-116,-17,STILL,193.0,0,0,-1000,-1000,14,884,983
11-06 17:36:44.526,YES,2204165054521,193,16185,5035,310260,13,-116,-15,STILL,193.0,0,0,-1000,-1000,13,884,985
11-06 17:36:55.960,YES,2205189055925,193,16185,5035,310260,9,-129,-19,STILL,193.0,0,5,-134,-20,4,5,1
11-06 17:36:59.343,YES,2206390691045,193,16185,5035,310260,9,-131,-20,WALKING,193.0,0,5,-133,-20,4,2,0
11-06 17:37:02.101,YES,2206953214174,193,16185,5035,310260,8,-131,-20,WALKING,193.0,0,0,-1000,-1000,8,869,980
11-06 17:37:04.640,YES,2209464037288,193,16185,5035,310260,11,-132,-20,WALKING,370.0,1,6,-134,-20,5,2,0
11-06 17:37:23.162,YES,2219746688990,370,16185,5035,310260,10,-124,-17,WALKING,370.0,0,8,-127,-17,2,3,0
11-06 17:37:26.601,YES,2221905626705,370,16185,5035,310260,9,-128,-18,WALKING,370.0,0,31,0,0,-22,-128,-18
11-06 17:37:28.635,YES,2223947495762,370,16185,5035,310260,10,-128,-20,WALKING,370.0,0,7,-131,-20,3,3,0
11-06 17:37:31.128,YES,2226422473249,370,16185,5035,310260,10,-130,-20,WALKING,370.0,0,31,0,0,-21,-130,-20
11-06 17:37:33.637,YES,2228928130946,370,16185,5035,310260,10,-127,-19,WALKING,370.0,0,31,0,0,-21,-127,-19
11-06 17:37:34.088,YES,2228943808864,370,16185,5035,310260,10,-127,-19,WALKING,184.0,1,31,0,0,-21,-127,-19
11-06 17:37:39.471,YES,2230423974793,184,65535,5230,null000,2147483647,2147483647,2147483647,WALKING,61.0,1,0,-1000,-1000,2147483647,2147484647,2147484647
11-06 17:37:58.702,YES,2237694899372,61,10502,5230,311480,13,-122,-17,WALKING,61.0,0,0,-1000,-1000,13,878,983
11-06 17:38:00.896,YES,2239812207760,61,10502,5230,311480,16,-118,-20,WALKING,387.0,1,13,-117,-18,3,-1,-2
11-06 17:38:12.887,YES,2251812818903,387,16185,5035,310260,12,-121,-18,WALKING,387.0,0,0,-1000,-1000,12,879,982
11-06 17:38:15.420,YES,2254327476601,387,16185,5035,310260,11,-122,-15,WALKING,387.0,0,8,-125,-15,3,3,0
11-06 17:38:17.941,YES,2256829994090,387,16185,5035,310260,10,-126,-15,WALKING,387.0,0,8,-122,-15,2,-4,0
11-06 17:38:20.428,YES,2259334006579,387,16185,5035,310260,11,-124,-15,WALKING,387.0,0,8,-124,-16,3,0,1
11-06 17:38:22.954,YES,2261838413964,387,16185,5035,310260,11,-119,-13,WALKING,387.0,0,8,-124,-16,3,5,3
11-06 17:38:25.671,YES,2262820242812,387,16185,5035,310260,10,-126,-16,WALKING,387.0,0,7,-127,-19,3,1,3
11-06 17:38:27.955,YES,2264856929004,387,16185,5035,310260,13,-120,-18,WALKING,387.0,0,10,-121,-17,3,1,-1
11-06 17:38:30.371,YES,2266894004520,387,16185,5035,310260,11,-124,-18,WALKING,387.0,0,8,-127,-20,3,3,2
11-06 17:38:32.869,YES,2269397145238,387,16185,5035,310260,11,-119,-13,WALKING,387.0,0,8,-129,-20,3,10,7
11-06 17:38:35.065,YES,2269972248160,387,16185,5035,310260,10,-124,-16,WALKING,387.0,0,7,-125,-15,3,1,-1
11-06 17:38:35.503,YES,2270013793529,387,16185,5035,310260,10,-124,-16,WALKING,387.0,0,7,-125,-15,3,1,-1
11-06 17:38:42.402,YES,2272540668364,387,16185,5035,310260,12,-118,-13,WALKING,370.0,1,9,-124,-18,3,6,5
11-06 17:38:46.221,YES,2274407753862,370,16185,5035,310260,11,-122,-15,STILL,370.0,0,11,-127,-19,0,5,4
11-06 17:38:48.344,YES,2276498072820,370,16185,5035,310260,12,-121,-17,STILL,370.0,0,9,-124,-18,3,3,1
11-06 17:38:54.444,YES,2278299173885,370,16185,5035,310260,10,-121,-14,STILL,370.0,0,8,-125,-15,2,4,1
11-06 17:38:56.983,YES,2280820986793,370,16185,5035,310260,12,-119,-16,STILL,370.0,0,9,-125,-16,3,6,0
11-06 17:38:59.476,YES,2283316024541,370,16185,5035,310260,10,-122,-15,STILL,370.0,0,7,-126,-16,3,4,1
11-06 17:39:01.534,YES,2284798361824,370,16185,5035,310260,12,-120,-16,WALKING,370.0,0,7,-131,-20,5,11,4
11-06 17:39:04.042,YES,2287306408168,370,16185,5035,310260,12,-123,-19,WALKING,370.0,0,7,-128,-18,5,5,-1
11-06 17:39:07.330,YES,2288303243371,370,16185,5035,310260,11,-123,-15,WALKING,370.0,0,7,-129,-18,4,6,3
11-06 17:39:12.456,YES,2290828486800,370,16185,5035,310260,12,-119,-16,WALKING,370.0,0,0,-1000,-1000,12,881,984
11-06 17:39:14.931,YES,2292889327214,370,16185,5035,310260,14,-118,-18,WALKING,370.0,0,0,-1000,-1000,14,882,982
11-06 17:39:16.989,YES,2295335852145,370,16185,5035,310260,12,-123,-18,STILL,370.0,0,0,-1000,-1000,12,877,982
11-06 17:39:19.483,YES,2297844593437,370,16185,5035,310260,12,-125,-20,STILL,370.0,0,8,-123,-14,4,-2,-6
11-06 17:39:21.981,YES,2300339064779,370,16185,5035,310260,10,-123,-16,STILL,370.0,0,8,-122,-15,2,-1,-1
11-06 17:39:29.340,YES,2302066396097,370,16185,5035,310260,12,-117,-13,STILL,370.0,0,8,-122,-16,4,5,3
11-06 17:39:31.384,YES,2303146265163,370,16185,5035,310260,10,-120,-13,STILL,370.0,0,6,-129,-19,4,9,6
11-06 17:39:35.418,YES,2305060824312,370,16185,5035,310260,11,-119,-13,STILL,370.0,0,7,-128,-19,4,9,6
11-06 17:39:37.938,YES,2307524271588,370,16185,5035,310260,10,-126,-16,STILL,370.0,0,7,-128,-20,3,2,4
11-06 17:39:43.744,YES,2308422814907,370,16185,5035,310260,9,-129,-18,STILL,370.0,0,0,-1000,-1000,9,871,982
11-06 17:39:54.607,YES,2308727884312,370,16185,5035,310260,11,-124,-19,WALKING,370.0,0,8,-124,-16,3,0,-3
11-06 17:40:23.274,YES,2311610144391,370,16185,5035,310260,10,-123,-14,WALKING,370.0,0,7,-126,-16,3,3,2
11-06 17:40:25.400,YES,2312600045375,370,16185,5035,310260,10,-125,-18,WALKING,370.0,0,7,-126,-17,3,1,-1
11-06 17:40:30.652,YES,2314096282295,370,16185,5035,310260,11,-120,-14,WALKING,370.0,0,7,-128,-16,4,8,2
11-06 17:40:51.393,YES,2315167722975,370,16185,5035,310260,11,-124,-18,WALKING,370.0,0,8,-125,-17,3,1,-1
11-06 17:40:53.755,YES,2315865102159,370,16185,5035,310260,10,-125,-17,WALKING,370.0,0,31,0,0,-21,-125,-17
11-06 17:40:56.228,YES,2318331048550,370,16185,5035,310260,10,-124,-17,WALKING,370.0,0,0,-1000,-1000,10,876,983
11-06 17:40:56.684,YES,2318357238865,370,16185,5035,310260,10,-124,-17,WALKING,370.0,0,0,-1000,-1000,10,876,983
11-06 17:40:58.399,YES,2320504054131,370,16185,5035,310260,11,-123,-17,WALKING,370.0,0,7,-126,-18,4,3,1
11-06 17:41:00.488,YES,2322576624182,370,16185,5035,310260,10,-125,-18,WALKING,370.0,0,6,-130,-18,4,5,0
11-06 17:41:05.454,YES,2324979351192,370,16185,5035,310260,10,-127,-20,WALKING,370.0,0,6,-128,-17,4,1,-3
11-06 17:41:07.961,YES,2327469289825,370,16185,5035,310260,9,-130,-20,WALKING,370.0,0,0,-1000,-1000,9,870,980
11-06 17:41:10.378,YES,2329886688504,370,16185,5035,310260,11,-124,-19,WALKING,171.0,1,0,-1000,-1000,11,876,981
