time,mRegistered,mTimeStamp,mPci,mTac,mEarfcn,mMcc+mMnc,ss,rsrp,rsrq,activity,nextAP,handoverOccured,max_ss,max_rsrp,max_rsrq,diff_in_ss,diff_in_rsrp,diff_in_rsrq
11-21 09:37:19.074,YES,135739977652930,406,34624,850,310410,25,-97,-12,UNKNOWN,406.0,0,19,-107,-10,6,10,-2
11-21 09:37:20.592,YES,135741992031673,406,34624,850,310410,29,-93,-16,UNKNOWN,406.0,0,19,-105,-10,10,12,-6
11-21 09:37:23.078,YES,135744228421010,406,34624,850,310410,30,-90,-15,UNKNOWN,406.0,0,23,-95,-10,7,5,-5
11-21 09:37:25.081,YES,135746322018927,406,34624,850,310410,30,-87,-14,UNKNOWN,406.0,0,24,-96,-10,6,9,-4
11-21 09:37:27.100,YES,135748500044404,406,34624,850,310410,31,-82,-13,UNKNOWN,406.0,0,25,-92,-10,6,10,-3
11-21 09:37:29.110,YES,135750510350698,406,34624,850,310410,31,-83,-11,UNKNOWN,406.0,0,23,-97,-10,8,14,-1
11-21 09:37:31.613,YES,135753012064541,406,34624,850,310410,31,-85,-11,UNKNOWN,406.0,0,21,-104,-10,10,19,-1
11-21 09:37:33.628,YES,135755026803232,406,34624,850,310410,31,-84,-15,UNKNOWN,406.0,0,26,-91,-10,5,7,-5
11-21 09:37:36.113,YES,135757222313034,406,34624,850,310410,29,-88,-13,UNKNOWN,406.0,0,22,-98,-10,7,10,-3
11-21 09:37:38.123,YES,135759523259253,406,34624,850,310410,28,-91,-13,UNKNOWN,406.0,0,20,-107,-10,8,16,-3
11-21 09:37:40.136,YES,135761533701067,406,34624,850,310410,28,-89,-10,UNKNOWN,406.0,0,21,-100,-10,7,11,0
11-21 09:37:42.631,YES,135764031308400,406,34624,850,310410,31,-76,-8,UNKNOWN,406.0,0,26,-88,-10,5,12,2
11-21 09:37:44.656,YES,135766056180424,406,34624,850,310410,31,-82,-13,UNKNOWN,406.0,0,27,-90,-10,4,8,-3
11-21 09:37:47.125,YES,135768230303766,406,34624,850,310410,29,-85,-9,UNKNOWN,406.0,0,23,-92,-10,6,7,1
11-21 09:37:49.144,YES,135770539609933,406,34624,850,310410,30,-86,-12,UNKNOWN,406.0,0,22,-95,-10,8,9,-2
11-21 09:37:51.643,YES,135773041411380,406,34624,850,310410,31,-96,-20,UNKNOWN,322.0,1,31,0,0,0,-96,-20
11-21 09:37:53.659,YES,135775057627936,322,34624,850,310410,31,-85,-14,UNKNOWN,322.0,0,26,-84,-12,5,-1,-2
11-21 09:37:55.738,YES,135777130099079,322,34624,850,310410,31,-80,-13,UNKNOWN,322.0,0,27,-84,-12,4,4,-1
11-21 09:37:58.147,YES,135779233317987,322,34624,850,310410,29,-89,-14,UNKNOWN,322.0,0,26,-84,-12,3,-5,-2
11-21 09:38:00.163,YES,135781560808115,322,34624,850,310410,29,-89,-13,UNKNOWN,322.0,0,26,-84,-12,3,-5,-1
11-21 09:38:02.205,YES,135783605170506,322,34624,850,310410,28,-90,-13,UNKNOWN,322.0,0,26,-84,-12,2,-6,-1
11-21 09:38:04.662,YES,135786061766011,322,34624,850,310410,30,-87,-14,UNKNOWN,322.0,0,26,-84,-12,4,-3,-2
11-21 09:38:06.702,YES,135788088569754,322,34624,850,310410,28,-92,-15,UNKNOWN,322.0,0,26,-84,-12,2,-8,-3
11-21 09:38:08.709,YES,135790109037716,322,34624,850,310410,28,-92,-14,UNKNOWN,322.0,0,26,-84,-12,2,-8,-2
11-21 09:38:10.749,YES,135792145367971,322,34624,850,310410,28,-92,-14,UNKNOWN,322.0,0,26,-84,-12,2,-8,-2
11-21 09:38:13.179,YES,135794272879589,322,34624,850,310410,27,-94,-14,UNKNOWN,322.0,0,26,-84,-12,1,-10,-2
11-21 09:38:15.215,YES,135796599146644,322,34624,850,310410,28,-91,-10,UNKNOWN,322.0,0,26,-84,-12,2,-7,2
11-21 09:38:17.263,YES,135798654611588,322,34624,850,310410,29,-90,-14,UNKNOWN,322.0,0,26,-84,-12,3,-6,-2
11-21 09:38:19.711,YES,135801098996623,322,34624,850,310410,29,-90,-14,UNKNOWN,322.0,0,26,-84,-12,3,-6,-2
11-21 09:38:21.745,YES,135803131581513,322,34624,850,310410,27,-93,-13,UNKNOWN,322.0,0,26,-84,-12,1,-9,-1
11-21 09:38:24.183,YES,135805272656362,322,34624,850,310410,28,-92,-14,UNKNOWN,322.0,0,26,-84,-12,2,-8,-2
11-21 09:38:26.184,YES,135807583475134,322,34624,850,310410,29,-91,-15,UNKNOWN,322.0,0,26,-84,-12,3,-7,-3
11-21 09:38:28.197,YES,135809596260230,322,34624,850,310410,27,-93,-14,UNKNOWN,322.0,0,26,-84,-12,1,-9,-2
11-21 09:38:30.210,YES,135811608485014,322,34624,850,310410,29,-90,-13,UNKNOWN,322.0,0,26,-84,-12,3,-6,-1
11-21 09:38:32.678,YES,135813654585583,322,34624,850,310410,28,-91,-13,UNKNOWN,322.0,0,26,-84,-12,2,-7,-1
11-21 09:38:34.693,YES,135816091779575,322,34624,850,310410,28,-92,-14,UNKNOWN,322.0,0,26,-84,-12,2,-8,-2
11-21 09:38:37.024,YES,135818387791002,322,34624,850,310410,28,-92,-14,UNKNOWN,322.0,0,26,-84,-12,2,-8,-2
11-21 09:38:43.664,YES,135820561663875,322,34624,850,310410,30,-88,-14,UNKNOWN,322.0,0,26,-84,-12,4,-4,-2
11-21 09:38:55.572,YES,135821265879570,322,34624,850,310410,31,-87,-15,UNKNOWN,322.0,0,26,-84,-12,5,-3,-3
11-21 09:39:01.651,YES,135821769748058,322,34624,850,310410,31,-81,-12,UNKNOWN,322.0,0,28,-84,-12,3,3,0
11-21 09:39:07.287,YES,135822089307985,322,34624,850,310410,31,-82,-14,UNKNOWN,322.0,0,26,-84,-12,5,2,-2
11-21 09:39:09.290,YES,135824263346535,322,34624,850,310410,31,-81,-13,UNKNOWN,322.0,0,26,-84,-12,5,3,-1
11-21 09:39:11.301,YES,135826272590694,322,34624,850,310410,31,-82,-14,UNKNOWN,322.0,0,28,-84,-12,3,2,-2
11-21 09:39:13.359,YES,135828331122670,322,34624,850,310410,31,-81,-13,UNKNOWN,322.0,0,27,-84,-12,4,3,-1
11-21 09:39:15.837,YES,135830796754582,322,34624,850,310410,31,-80,-13,UNKNOWN,322.0,0,27,-84,-12,4,4,-1
11-21 09:39:17.936,YES,135832896834322,322,34624,850,310410,31,-79,-14,UNKNOWN,322.0,0,26,-84,-12,5,5,-2
11-21 09:39:22.145,YES,135833757320710,322,34624,850,310410,31,-83,-14,UNKNOWN,322.0,0,26,-84,-12,5,1,-2
11-21 09:39:24.449,YES,135835465058016,322,34624,850,310410,31,-83,-13,WALKING,322.0,0,26,-84,-12,5,1,-1
11-21 09:39:26.546,YES,135836965760561,322,34624,850,310410,31,-83,-14,WALKING,322.0,0,26,-84,-12,5,1,-2
11-21 09:39:28.583,YES,135839009561910,322,34624,850,310410,31,-85,-14,WALKING,322.0,0,26,-84,-12,5,-1,-2
11-21 09:39:33.657,YES,135839432732578,322,34624,850,310410,31,-79,-13,WALKING,322.0,0,26,-84,-12,5,5,-1
11-21 09:39:38.804,YES,135839849885796,322,34624,850,310410,31,-75,-15,WALKING,322.0,0,26,-84,-12,5,9,-3
11-21 09:39:44.633,YES,135840430296479,322,34624,850,310410,31,-82,-14,WALKING,322.0,0,26,-84,-12,5,2,-2
11-21 09:39:55.063,YES,135841123820194,322,34624,850,310410,30,-88,-14,WALKING,322.0,0,26,-84,-12,4,-4,-2
11-21 09:40:01.589,YES,135841743390933,322,34624,850,310410,28,-95,-17,UNKNOWN,466.0,1,26,-84,-12,2,-11,-5
11-21 09:40:13.581,YES,135842400684748,466,34624,9820,310410,21,-106,-18,UNKNOWN,88.0,1,21,-93,-12,0,-13,-6
11-21 09:40:15.655,YES,135844473707819,88,34624,850,310410,27,-91,-11,UNKNOWN,88.0,0,22,-103,-17,5,12,6
11-21 09:40:19.637,YES,135845197972058,88,34624,850,310410,27,-91,-11,UNKNOWN,88.0,0,22,-100,-17,5,9,6
11-21 09:40:25.712,YES,135845549800687,88,34624,850,310410,27,-92,-12,UNKNOWN,88.0,0,22,-100,-17,5,8,5
11-21 09:40:27.745,YES,135847704580016,88,34624,850,310410,26,-95,-13,UNKNOWN,88.0,0,22,-99,-17,4,4,4
11-21 09:40:32.969,YES,135848685249385,88,34624,850,310410,26,-94,-12,UNKNOWN,88.0,0,22,-101,-16,4,7,4
11-21 09:40:35.465,YES,135851181290154,88,34624,850,310410,27,-96,-16,UNKNOWN,88.0,0,22,-99,-16,5,3,0
11-21 09:40:37.492,YES,135853201831033,88,34624,850,310410,28,-97,-19,UNKNOWN,88.0,0,22,-97,-15,6,0,-4
11-21 09:40:39.550,YES,135855252087643,88,34624,850,310410,27,-96,-17,UNKNOWN,322.0,1,23,-92,-13,4,-4,-4
11-21 09:40:41.973,YES,135857588812980,322,34624,850,310410,29,-90,-13,UNKNOWN,322.0,0,24,-91,-14,5,1,1
11-21 09:40:43.989,YES,135859698155221,322,34624,850,310410,30,-89,-14,UNKNOWN,322.0,0,24,-91,-14,6,2,0
11-21 09:40:46.011,YES,135861725317142,322,34624,850,310410,31,-86,-14,UNKNOWN,322.0,0,24,-91,-14,7,5,0
11-21 09:40:48.483,YES,135863769324169,322,34624,850,310410,31,-82,-15,UNKNOWN,322.0,0,25,-91,-14,6,9,-1
11-21 09:40:50.513,YES,135866218306183,322,34624,850,310410,31,-75,-12,UNKNOWN,322.0,0,29,-84,-14,2,9,2
11-21 09:40:52.539,YES,135868246829563,322,34624,850,310410,31,-74,-14,UNKNOWN,322.0,0,31,-83,-14,0,9,0
11-21 09:40:54.985,YES,135870576829691,322,34624,850,310410,31,-65,-13,UNKNOWN,322.0,0,31,-77,-14,0,12,1
11-21 09:40:57.015,YES,135872720541727,322,34624,850,310410,31,-67,-14,UNKNOWN,322.0,0,31,-80,-14,0,13,0
11-21 09:40:59.052,YES,135874759351409,322,34624,850,310410,31,-65,-12,UNKNOWN,322.0,0,31,-76,-14,0,11,2
11-21 09:41:01.525,YES,135877231427333,322,34624,850,310410,31,-71,-14,UNKNOWN,322.0,0,31,-84,-14,0,13,0
11-21 09:41:03.554,YES,135879263714306,322,34624,850,310410,31,-65,-13,UNKNOWN,322.0,0,31,-76,-14,0,11,1
11-21 09:41:05.996,YES,135881590049069,322,34624,850,310410,31,-74,-14,UNKNOWN,322.0,0,27,-90,-14,4,16,0
11-21 09:41:08.034,YES,135883741354960,322,34624,850,310410,31,-80,-14,UNKNOWN,322.0,0,30,-84,-14,1,4,0
11-21 09:41:10.061,YES,135885768030214,322,34624,850,310410,31,-76,-14,UNKNOWN,322.0,0,28,-90,-14,3,14,0
11-21 09:41:12.538,YES,135888245123899,322,34624,850,310410,31,-77,-14,UNKNOWN,322.0,0,24,-91,-14,7,14,0
11-21 09:41:15.016,YES,135890580723402,322,34624,850,310410,31,-83,-15,UNKNOWN,322.0,0,24,-91,-14,7,8,-1
11-21 09:41:17.036,YES,135892745014972,322,34624,850,310410,31,-86,-15,UNKNOWN,322.0,0,24,-91,-14,7,5,-1
11-21 09:41:19.060,YES,135894771632830,322,34624,850,310410,31,-87,-14,UNKNOWN,322.0,0,24,-91,-14,7,4,0
11-21 09:41:21.514,YES,135896934019504,322,34624,850,310410,31,-88,-15,UNKNOWN,322.0,0,24,-91,-14,7,3,-1
11-21 09:41:23.508,YES,135899165397695,322,34624,850,310410,29,-90,-14,UNKNOWN,322.0,0,24,-91,-14,5,1,0
11-21 09:41:25.550,YES,135901257424049,322,34624,850,310410,29,-91,-15,UNKNOWN,322.0,0,24,-91,-14,5,0,-1
11-21 09:41:27.582,YES,135903289941179,322,34624,850,310410,29,-92,-15,UNKNOWN,322.0,0,24,-91,-14,5,-1,-1
11-21 09:41:30.032,YES,135905587988907,322,34624,850,310410,29,-91,-15,UNKNOWN,322.0,0,24,-91,-14,5,0,-1
11-21 09:41:32.052,YES,135907761615530,322,34624,850,310410,29,-92,-15,UNKNOWN,322.0,0,24,-91,-14,5,-1,-1
11-21 09:41:34.580,YES,135910286069115,322,34624,850,310410,29,-92,-15,UNKNOWN,322.0,0,24,-91,-14,5,-1,-1
11-21 09:41:37.033,YES,135912749549986,322,34624,850,310410,28,-93,-15,UNKNOWN,322.0,0,24,-91,-14,4,-2,-1
11-21 09:41:39.081,YES,135914785795605,322,34624,850,310410,29,-91,-15,UNKNOWN,322.0,0,24,-91,-14,5,0,-1
11-21 09:41:41.117,YES,135916819692318,322,34624,850,310410,29,-92,-16,UNKNOWN,322.0,0,24,-91,-14,5,-1,-2
11-21 09:41:43.599,YES,135919303488034,322,34624,850,310410,28,-91,-14,UNKNOWN,322.0,0,24,-91,-14,4,0,0
11-21 09:41:45.635,YES,135921341353498,322,34624,850,310410,30,-91,-15,UNKNOWN,322.0,0,24,-91,-14,6,0,-1
11-21 09:41:47.657,YES,135923372003596,322,34624,850,310410,29,-93,-16,UNKNOWN,322.0,0,24,-91,-14,5,-2,-2
11-21 09:41:49.969,YES,135925681481326,322,34624,850,310410,29,-92,-15,UNKNOWN,322.0,0,24,-91,-14,5,-1,-1
11-21 09:41:54.625,YES,135926973711246,322,34624,850,310410,29,-91,-15,UNKNOWN,322.0,0,24,-91,-14,5,0,-1
11-21 09:42:00.586,YES,135927334902116,322,34624,850,310410,29,-91,-15,UNKNOWN,322.0,0,24,-91,-14,5,0,-1
11-21 09:42:03.350,YES,135927765859711,322,34624,850,310410,30,-88,-14,STILL,322.0,0,24,-91,-14,6,3,0
11-21 09:42:05.408,YES,135929851892158,322,34624,850,310410,31,-84,-16,STILL,322.0,0,27,-88,-14,4,4,-2
11-21 09:42:11.568,YES,135930503989879,322,34624,850,310410,29,-95,-17,STILL,273.0,1,24,-91,-14,5,-4,-3
11-21 09:42:17.689,YES,135930916075858,273,34624,850,310410,31,-86,-13,STILL,273.0,0,29,-90,-10,2,4,-3
11-21 09:42:23.570,YES,135931711981041,273,34624,850,310410,31,-84,-15,STILL,273.0,0,26,-92,-10,5,8,-5
11-21 09:42:23.582,YES,135931714660104,273,34624,850,310410,31,-84,-15,STILL,273.0,0,26,-92,-10,5,8,-5
11-21 09:42:26.655,YES,135932596345608,273,34624,850,310410,30,-88,-13,UNKNOWN,273.0,0,26,-91,-10,4,3,-3
11-21 09:42:28.659,YES,135934653960084,273,34624,850,310410,30,-85,-11,UNKNOWN,273.0,0,26,-88,-10,4,3,-1
11-21 09:42:30.691,YES,135936704596591,273,34624,850,310410,30,-89,-15,UNKNOWN,273.0,0,26,-91,-10,4,2,-5
11-21 09:42:32.757,YES,135938760607889,273,34624,850,310410,30,-88,-13,UNKNOWN,273.0,0,26,-90,-10,4,2,-3
11-21 09:42:35.230,YES,135941234494229,273,34624,850,310410,29,-90,-15,UNKNOWN,273.0,0,26,-89,-10,3,-1,-5
11-21 09:42:37.272,YES,135943269422609,273,34624,850,310410,31,-89,-14,UNKNOWN,273.0,0,26,-87,-10,5,-2,-4
11-21 09:42:39.741,YES,135945742831345,273,34624,850,310410,30,-89,-15,UNKNOWN,273.0,0,26,-86,-10,4,-3,-5
11-21 09:42:42.241,YES,135948248837064,273,34624,850,310410,31,-88,-17,UNKNOWN,273.0,0,26,-87,-10,5,-1,-7
11-21 09:42:44.274,YES,135950284609141,273,34624,850,310410,30,-89,-15,UNKNOWN,273.0,0,26,-86,-10,4,-3,-5
11-21 09:42:46.303,YES,135952313622625,273,34624,850,310410,31,-89,-16,UNKNOWN,273.0,0,26,-86,-10,5,-3,-6
11-21 09:42:48.859,YES,135954861363347,273,34624,850,310410,30,-91,-15,UNKNOWN,273.0,0,26,-87,-9,4,-4,-6
11-21 09:42:51.243,YES,135957256901607,273,34624,850,310410,27,-92,-12,UNKNOWN,273.0,0,26,-92,-10,1,0,-2
11-21 09:42:53.276,YES,135959283308892,273,34624,850,310410,29,-94,-18,UNKNOWN,273.0,0,23,-90,-14,6,-4,-4
11-21 09:42:55.308,YES,135961317883105,273,34624,850,310410,27,-99,-17,UNKNOWN,273.0,0,21,-101,-12,6,2,-5
11-21 09:42:57.812,YES,135963816068771,273,34624,850,310410,25,-103,-19,UNKNOWN,273.0,0,19,-102,-12,6,-1,-7
11-21 09:42:59.869,YES,135965866286214,273,34624,850,310410,24,-108,-20,UNKNOWN,88.0,1,31,0,0,-7,-108,-20
11-21 09:43:01.899,YES,135967916199127,88,34624,850,310410,23,-102,-12,UNKNOWN,88.0,0,24,-102,-14,-1,0,2
11-21 09:43:04.297,YES,135970308708532,88,34624,850,310410,22,-102,-12,UNKNOWN,88.0,0,19,-102,-14,3,0,2
11-21 09:43:04.780,YES,135970327786086,88,34624,850,310410,22,-102,-12,UNKNOWN,88.0,0,19,-102,-14,3,0,2
11-21 09:43:06.852,YES,135972851442067,88,34624,850,310410,22,-102,-12,UNKNOWN,88.0,0,19,-102,-14,3,0,2
11-21 09:43:09.370,YES,135975376189662,88,34624,850,310410,23,-102,-14,UNKNOWN,88.0,0,19,-102,-14,4,0,0
11-21 09:43:11.403,YES,135977413354031,88,34624,850,310410,24,-110,-20,UNKNOWN,38.0,1,31,0,0,-7,-110,-20
11-21 09:43:13.852,YES,135979858391931,38,34624,850,310410,26,-89,-7,UNKNOWN,38.0,0,19,-103,-16,7,14,9
11-21 09:43:15.866,YES,135981882259425,38,34624,850,310410,26,-92,-9,UNKNOWN,38.0,0,19,-101,-16,7,9,7
11-21 09:43:18.368,YES,135984367414620,38,34624,850,310410,28,-86,-9,UNKNOWN,38.0,0,22,-99,-16,6,13,7
11-21 09:43:20.835,YES,135986847265544,38,34624,850,310410,28,-88,-9,UNKNOWN,38.0,0,19,-104,-16,9,16,7
11-21 09:43:22.864,YES,135988868015537,38,34624,850,310410,31,-86,-15,UNKNOWN,38.0,0,27,-90,-16,4,4,1
11-21 09:43:25.377,YES,135991381535892,38,34624,850,310410,29,-82,-7,UNKNOWN,38.0,0,22,-94,-13,7,12,6
11-21 09:43:27.438,YES,135993445170160,38,34624,850,310410,31,-81,-8,UNKNOWN,38.0,0,26,-88,-16,5,7,8
11-21 09:43:29.867,YES,135995885088163,38,34624,850,310410,31,-81,-9,UNKNOWN,38.0,0,23,-96,-16,8,15,7
11-21 09:43:31.947,YES,135997953860088,38,34624,850,310410,30,-82,-7,UNKNOWN,38.0,0,25,-95,-16,5,13,9
11-21 09:43:34.387,YES,136000392601321,38,34624,850,310410,31,-82,-11,UNKNOWN,38.0,0,22,-102,-16,9,20,5
11-21 09:43:36.434,YES,136002447007775,38,34624,850,310410,31,-80,-8,UNKNOWN,38.0,0,24,-98,-16,7,18,8
11-21 09:43:38.910,YES,136004910034271,38,34624,850,310410,31,-79,-8,UNKNOWN,38.0,0,27,-87,-16,4,8,8
11-21 09:43:41.415,YES,136007417188635,38,34624,850,310410,31,-80,-13,UNKNOWN,38.0,0,27,-87,-16,4,7,3
11-21 09:43:43.450,YES,136009458680453,38,34624,850,310410,31,-80,-8,UNKNOWN,38.0,0,18,-106,-16,13,26,8
11-21 09:43:45.891,YES,136011647010098,38,34624,850,310410,31,-79,-7,UNKNOWN,38.0,0,23,-99,-16,8,20,9
11-21 09:43:47.946,YES,136013936542097,38,34624,850,310410,31,-79,-9,UNKNOWN,38.0,0,25,-96,-16,6,17,7
11-21 09:43:50.393,YES,136016094560176,38,34624,850,310410,31,-80,-8,UNKNOWN,38.0,0,25,-94,-16,6,14,8
11-21 09:43:52.457,YES,136018453805359,38,34624,850,310410,31,-79,-9,UNKNOWN,38.0,0,26,-94,-16,5,15,7
11-21 09:43:54.508,YES,136020513692700,38,34624,850,310410,31,-78,-10,UNKNOWN,38.0,0,27,-89,-16,4,11,6
11-21 09:43:56.966,YES,136022969972424,38,34624,850,310410,31,-77,-9,UNKNOWN,38.0,0,26,-93,-16,5,16,7
11-21 09:43:59.026,YES,136025030540962,38,34624,850,310410,31,-78,-10,UNKNOWN,38.0,0,28,-90,-16,3,12,6
11-21 09:44:01.454,YES,136027463381361,38,34624,850,310410,31,-76,-7,UNKNOWN,38.0,0,29,-84,-16,2,8,9
11-21 09:44:03.933,YES,136029753484766,38,34624,850,310410,31,-78,-7,UNKNOWN,38.0,0,24,-88,-13,7,10,6
11-21 09:44:05.985,YES,136031992933635,38,34624,850,310410,31,-77,-7,UNKNOWN,38.0,0,25,-91,-15,6,14,8
11-21 09:44:08.026,YES,136034028797536,38,34624,850,310410,31,-77,-7,UNKNOWN,38.0,0,25,-88,-16,6,11,9
11-21 09:44:10.453,YES,136036112362691,38,34624,850,310410,31,-77,-7,UNKNOWN,38.0,0,25,-87,-15,6,10,8
11-21 09:44:12.509,YES,136038510312722,38,34624,850,310410,31,-77,-7,UNKNOWN,38.0,0,25,-90,-16,6,13,9
11-21 09:44:14.542,YES,136040548877404,38,34624,850,310410,31,-78,-7,UNKNOWN,38.0,0,26,-88,-16,5,10,9
11-21 09:44:16.572,YES,136042576751669,38,34624,850,310410,31,-77,-8,UNKNOWN,38.0,0,27,-88,-16,4,11,8
11-21 09:44:19.043,YES,136045036157539,38,34624,850,310410,31,-76,-14,UNKNOWN,38.0,0,27,-87,-16,4,11,2
11-21 09:44:21.542,YES,136047542667580,38,34624,850,310410,31,-77,-7,UNKNOWN,38.0,0,28,-87,-14,3,10,7
11-21 09:44:23.577,YES,136049578733877,38,34624,850,310410,31,-77,-8,UNKNOWN,38.0,0,27,-88,-14,4,11,6
11-21 09:44:26.033,YES,136051862468115,38,34624,850,310410,31,-78,-14,UNKNOWN,38.0,0,29,-85,-16,2,7,2
11-21 09:44:28.067,YES,136054067688126,38,34624,850,310410,31,-78,-9,UNKNOWN,38.0,0,27,-89,-16,4,11,7
11-21 09:44:30.572,YES,136056572423948,38,34624,850,310410,31,-80,-10,UNKNOWN,38.0,0,24,-90,-16,7,10,6
11-21 09:44:32.620,YES,136058627252382,38,34624,850,310410,31,-81,-11,UNKNOWN,38.0,0,26,-83,-11,5,2,0
11-21 09:44:35.082,YES,136061086751481,38,34624,850,310410,31,-85,-15,UNKNOWN,38.0,0,26,-84,-11,5,-1,-4
11-21 09:44:37.165,YES,136063170092626,38,34624,850,310410,31,-86,-17,UNKNOWN,38.0,0,26,-81,-11,5,-5,-6
11-21 09:44:39.613,YES,136065606222088,38,34624,850,310410,31,-87,-17,UNKNOWN,38.0,0,26,-81,-10,5,-6,-7
11-21 09:44:41.640,YES,136067643964374,38,34624,850,310410,31,-86,-17,UNKNOWN,38.0,0,25,-81,-9,6,-5,-8
11-21 09:44:44.126,YES,136070125462486,38,34624,850,310410,31,-85,-16,UNKNOWN,38.0,0,27,-80,-10,4,-5,-6
11-21 09:44:46.640,YES,136072642451747,38,34624,850,310410,31,-85,-18,UNKNOWN,116.0,1,31,-76,-8,0,-9,-10
11-21 09:44:58.593,YES,136074451066563,116,34624,9820,310410,26,-91,-11,UNKNOWN,116.0,0,31,0,0,-5,-91,-11
11-21 09:45:00.624,YES,136076478953900,116,34624,9820,310410,24,-92,-9,UNKNOWN,116.0,0,31,0,0,-7,-92,-9
11-21 09:45:04.630,YES,136077027579996,116,34624,9820,310410,26,-90,-9,UNKNOWN,116.0,0,31,0,0,-5,-90,-9
11-21 09:45:10.741,YES,136077352641956,116,34624,9820,310410,23,-97,-11,UNKNOWN,116.0,0,31,0,0,-8,-97,-11
11-21 09:45:12.772,YES,136079493332742,116,34624,9820,310410,20,-103,-12,UNKNOWN,116.0,0,31,0,0,-11,-103,-12
11-21 09:45:14.827,YES,136081545720394,116,34624,9820,310410,20,-102,-11,UNKNOWN,116.0,0,31,0,0,-11,-102,-11
11-21 09:45:17.327,YES,136084047240592,116,34624,9820,310410,20,-104,-12,UNKNOWN,10.0,1,31,0,0,-11,-104,-12
11-21 09:45:28.571,YES,136085904190620,10,34624,850,310410,31,-83,-11,UNKNOWN,10.0,0,31,-77,-12,0,-6,1
11-21 09:45:28.585,YES,136085907505517,10,34624,850,310410,31,-83,-11,UNKNOWN,10.0,0,31,-77,-12,0,-6,1
11-21 09:45:34.962,YES,136086232891486,10,34624,850,310410,31,-80,-8,UNKNOWN,10.0,0,31,-77,-14,0,-3,6
11-21 09:45:40.612,YES,136087191287311,10,34624,850,310410,31,-84,-13,UNKNOWN,10.0,0,31,-77,-13,0,-7,0
11-21 09:45:46.743,YES,136087772449400,10,34624,850,310410,31,-85,-15,UNKNOWN,10.0,0,31,-77,-17,0,-8,2
11-21 09:45:48.894,YES,136090040057230,10,34624,850,310410,31,-83,-15,WALKING,10.0,0,31,-77,-12,0,-6,-3
11-21 09:45:55.582,YES,136092335164074,10,34624,850,310410,31,-77,-9,WALKING,10.0,0,31,-77,-10,0,0,1
11-21 09:46:01.630,YES,136092819052299,10,34624,850,310410,31,-65,-9,WALKING,10.0,0,31,-77,-17,0,12,8
11-21 09:46:07.569,YES,136093128058111,10,34624,850,310410,31,-72,-12,WALKING,10.0,0,31,-77,-16,0,5,4
11-21 09:46:07.578,YES,136093135440091,10,34624,850,310410,31,-72,-12,WALKING,10.0,0,31,-77,-16,0,5,4
11-21 09:46:13.644,YES,136093583795552,10,34624,850,310410,31,-77,-13,WALKING,10.0,0,31,-77,-14,0,0,1
11-21 09:46:19.630,YES,136094342224742,10,34624,850,310410,31,-72,-10,WALKING,10.0,0,31,-77,-12,0,5,2
11-21 09:46:19.656,YES,136094362535786,10,34624,850,310410,31,-72,-10,WALKING,10.0,0,31,-77,-12,0,5,2
11-21 09:46:21.997,YES,136096689974559,10,34624,850,310410,31,-77,-13,WALKING,10.0,0,31,-77,-10,0,0,-3
11-21 09:46:24.410,YES,136098260889403,10,34624,850,310410,31,-74,-10,WALKING,210.0,1,31,-77,-13,0,3,3
11-21 09:46:35.587,YES,136100849118515,210,34624,850,310410,31,-76,-16,WALKING,210.0,0,31,-75,-7,0,-1,-9
11-21 09:46:37.633,YES,136102877356270,210,34624,850,310410,31,-77,-13,WALKING,210.0,0,29,-80,-7,2,3,-6
11-21 09:46:40.355,YES,136105613324980,210,34624,850,310410,31,-69,-12,WALKING,210.0,0,31,-79,-7,0,10,-5
11-21 09:46:42.576,YES,136107835416816,210,34624,850,310410,31,-65,-12,WALKING,210.0,0,31,-75,-7,0,10,-5
11-21 09:46:48.687,YES,136108236187637,210,34624,850,310410,31,-72,-12,WALKING,210.0,0,30,-80,-7,1,8,-5
11-21 09:46:50.728,YES,136110367754412,210,34624,850,310410,31,-75,-11,WALKING,210.0,0,29,-80,-7,2,5,-4
11-21 09:46:55.715,YES,136112252199079,210,34624,850,310410,31,-76,-12,WALKING,210.0,0,29,-80,-7,2,4,-5
11-21 09:47:01.789,YES,136112734898085,210,34624,850,310410,31,-70,-14,WALKING,210.0,0,31,-78,-7,0,8,-7
11-21 09:47:07.748,YES,136114235860578,210,34624,850,310410,31,-74,-13,WALKING,210.0,0,31,-73,-7,0,-1,-6
11-21 09:47:13.599,YES,136114614751293,210,34624,850,310410,31,-70,-13,WALKING,210.0,0,31,-70,-7,0,0,-6
11-21 09:47:19.567,YES,136114931568512,210,34624,850,310410,31,-77,-12,WALKING,210.0,0,29,-80,-7,2,3,-5
11-21 09:47:22.069,YES,136116935381368,210,34624,850,310410,31,-71,-14,WALKING,210.0,0,31,-78,-7,0,7,-7
11-21 09:47:24.433,YES,136118986141572,210,34624,850,310410,31,-79,-13,WALKING,210.0,0,29,-80,-7,2,1,-6
11-21 09:47:30.584,YES,136120007264799,210,34624,850,310410,31,-76,-12,WALKING,210.0,0,29,-80,-7,2,4,-5
11-21 09:47:36.572,YES,136121023127244,210,34624,850,310410,31,-75,-16,WALKING,210.0,0,27,-85,-8,4,10,-8
11-21 09:47:42.572,YES,136121513399637,210,34624,850,310410,31,-77,-17,WALKING,210.0,0,27,-85,-8,4,8,-9
11-21 09:47:48.708,YES,136121885752538,210,34624,850,310410,31,-79,-17,WALKING,210.0,0,27,-85,-8,4,6,-9
11-21 09:47:50.759,YES,136124042228534,210,34624,850,310410,31,-79,-16,WALKING,210.0,0,28,-85,-8,3,6,-8
11-21 09:47:56.646,YES,136124981797065,210,34624,850,310410,31,-83,-14,WALKING,210.0,0,29,-85,-8,2,2,-6
11-21 09:48:02.635,YES,136125718483024,210,34624,850,310410,31,-81,-15,WALKING,210.0,0,29,-83,-8,2,2,-7
11-21 09:48:08.714,YES,136126067645924,210,34624,850,310410,31,-83,-10,WALKING,210.0,0,27,-85,-8,4,2,-2
11-21 09:48:14.652,YES,136127108048371,210,34624,850,310410,31,-83,-12,WALKING,210.0,0,27,-85,-8,4,2,-4
11-21 09:48:20.887,YES,136127514855130,210,34624,850,310410,31,-83,-11,WALKING,210.0,0,27,-85,-8,4,2,-3
11-21 09:48:22.896,YES,136128968072202,210,34624,850,310410,31,-84,-16,WALKING,210.0,0,29,-84,-8,2,0,-8
11-21 09:48:24.932,YES,136130996919123,210,34624,850,310410,31,-83,-16,WALKING,210.0,0,30,-72,-8,1,-11,-8
11-21 09:48:31.626,YES,136132448237080,210,34624,850,310410,31,-77,-17,WALKING,210.0,0,30,-72,-8,1,-5,-9
11-21 09:48:36.721,YES,136132908912074,210,34624,850,310410,31,-73,-14,WALKING,210.0,0,31,-72,-16,0,-1,2
11-21 09:48:43.562,YES,136134503624733,210,34624,850,310410,31,-74,-10,WALKING,210.0,0,31,-72,-16,0,-2,6
11-21 09:48:49.687,YES,136134891167428,210,34624,850,310410,31,-71,-14,WALKING,210.0,0,31,-60,-7,0,-11,-7
11-21 09:48:51.740,YES,136137036284412,210,34624,850,310410,31,-76,-13,WALKING,210.0,0,31,-60,-7,0,-16,-6
11-21 09:48:57.624,YES,136138046150867,210,34624,850,310410,31,-79,-16,WALKING,210.0,0,31,-78,-11,0,-1,-5
11-21 09:49:09.570,YES,136138680678691,210,34624,850,310410,31,-83,-18,WALKING,210.0,0,29,-78,-12,2,-5,-6
11-21 09:49:21.188,YES,136139857055839,210,34624,850,310410,31,-65,-14,WALKING,210.0,0,31,-73,-12,0,8,-2
11-21 09:49:27.639,YES,136140607212320,210,34624,850,310410,31,-79,-18,UNKNOWN,210.0,0,31,-71,-13,0,-8,-5
11-21 09:49:33.689,YES,136140978988555,210,34624,850,310410,31,-77,-11,UNKNOWN,210.0,0,31,0,0,0,-77,-11
11-21 09:49:36.076,YES,136141611622055,210,34624,850,310410,31,-84,-20,WALKING,149.0,1,29,-80,-12,2,-4,-8
11-21 09:49:38.597,YES,136144113552253,149,34624,850,310410,31,-76,-17,WALKING,149.0,0,31,-81,-13,0,5,-4
11-21 09:49:44.625,YES,136144861395921,149,34624,850,310410,31,-81,-17,WALKING,149.0,0,31,-72,-10,0,-9,-7
11-21 09:49:47.129,YES,136147356660492,149,34624,850,310410,31,-85,-19,WALKING,149.0,0,27,-80,-12,4,-5,-7
11-21 09:49:49.177,YES,136149403810540,149,34624,850,310410,31,-82,-14,WALKING,149.0,0,29,-79,-12,2,-3,-2
11-21 09:49:51.392,YES,136151617767427,149,34624,850,310410,31,-79,-14,WALKING,149.0,0,28,-79,-12,3,0,-2
11-21 09:49:56.619,YES,136153786817800,149,34624,850,310410,31,-82,-16,WALKING,149.0,0,29,-79,-12,2,-3,-4
11-21 09:50:01.682,YES,136154255188263,149,34624,850,310410,31,-84,-13,WALKING,452.0,1,28,-89,-15,3,5,2
11-21 09:50:13.591,YES,136154943401717,452,34624,1975,310410,27,-94,-17,WALKING,404.0,1,30,-87,-12,-3,-7,-5
11-21 09:50:19.684,YES,136155366358113,404,34624,9820,310410,28,-88,-12,WALKING,404.0,0,31,-73,-9,-3,-15,-3
11-21 09:50:25.850,YES,136155680789915,404,34624,9820,310410,30,-83,-12,WALKING,404.0,0,31,-73,-9,-1,-10,-3
11-21 09:50:31.896,YES,136156253379608,404,34624,9820,310410,31,-81,-13,WALKING,404.0,0,31,-73,-9,0,-8,-4
11-21 09:50:37.726,YES,136158015542127,404,34624,9820,310410,31,-80,-12,WALKING,404.0,0,31,-73,-9,0,-7,-3
11-21 09:50:39.756,YES,136160153640257,404,34624,9820,310410,31,-80,-12,WALKING,404.0,0,31,-73,-9,0,-7,-3
11-21 09:50:44.708,YES,136161020012999,404,34624,9820,310410,31,-84,-12,WALKING,404.0,0,31,-73,-9,0,-11,-3
11-21 09:50:47.036,YES,136162864533079,404,34624,9820,310410,31,-82,-14,WALKING,404.0,0,31,-73,-9,0,-9,-5
11-21 09:50:49.462,YES,136165095926114,404,34624,9820,310410,31,-78,-14,WALKING,404.0,0,31,-73,-9,0,-5,-5
11-21 09:50:51.625,YES,136167271598466,404,34624,9820,310410,28,-88,-14,WALKING,404.0,0,31,-73,-9,-3,-15,-5
11-21 09:50:53.681,YES,136169310318356,404,34624,9820,310410,29,-87,-14,WALKING,404.0,0,31,-73,-9,-2,-14,-5
11-21 09:51:00.703,YES,136170644980989,404,34624,9820,310410,31,-83,-12,WALKING,404.0,0,31,-73,-9,0,-10,-3
11-21 09:51:02.765,YES,136172821754123,404,34624,9820,310410,30,-83,-11,WALKING,404.0,0,31,-73,-9,-1,-10,-2
11-21 09:51:11.673,YES,136175104445079,404,34624,9820,310410,27,-86,-10,WALKING,404.0,0,31,-73,-9,-4,-13,-1
11-21 09:51:14.110,YES,136177550959334,404,34624,9820,310410,29,-86,-12,WALKING,404.0,0,31,-73,-9,-2,-13,-3
11-21 09:51:16.305,YES,136179731113040,404,34624,9820,310410,30,-83,-12,WALKING,404.0,0,31,-73,-9,-1,-10,-3
11-21 09:51:23.644,YES,136181939959719,404,34624,9820,310410,26,-92,-12,WALKING,404.0,0,31,-73,-9,-5,-19,-3
11-21 09:51:35.616,YES,136182665198593,404,34624,9820,310410,27,-88,-10,WALKING,404.0,0,31,-73,-9,-4,-15,-1
11-21 09:51:41.948,YES,136182998328053,404,34624,9820,310410,23,-97,-10,WALKING,404.0,0,31,-73,-9,-8,-24,-1
11-21 09:51:47.634,YES,136183881359495,404,34624,9820,310410,21,-105,-14,WALKING,404.0,0,31,-73,-9,-10,-32,-5
11-21 09:51:53.717,YES,136184223554321,404,34624,9820,310410,23,-97,-12,WALKING,404.0,0,29,-81,-11,-6,-16,-1
11-21 09:51:59.596,YES,136185052961435,404,34624,9820,310410,19,-103,-11,WALKING,404.0,0,29,-81,-11,-10,-22,0
11-21 09:51:59.611,YES,136185069510447,404,34624,9820,310410,20,-107,-16,WALKING,404.0,0,29,-81,-11,-9,-26,-5
11-21 09:52:02.105,YES,136187560084341,404,34624,9820,310410,15,-115,-13,WALKING,404.0,0,29,-81,-15,-14,-34,2
11-21 09:52:04.567,YES,136189791837428,404,34624,9820,310410,16,-115,-14,WALKING,404.0,0,29,-81,-13,-13,-34,-1
11-21 09:52:06.719,YES,136192174501676,404,34624,9820,310410,14,-120,-17,WALKING,404.0,0,20,-101,-17,-6,-19,0
11-21 09:52:08.955,YES,136193957817322,404,34624,9820,310410,12,-121,-15,WALKING,404.0,0,20,-101,-17,-8,-20,2
11-21 09:52:11.001,YES,136195998685807,404,34624,9820,310410,14,-119,-15,WALKING,404.0,0,20,-101,-14,-6,-18,-1
11-21 09:52:13.089,YES,136197096892739,404,34624,9820,310410,14,-120,-17,WALKING,149.0,1,26,-89,-15,-12,-31,-2
11-21 09:52:15.228,YES,136199255306496,149,34624,850,310410,24,-101,-15,WALKING,149.0,0,26,-89,-16,-2,-12,1
11-21 09:52:17.473,YES,136201501587292,149,34624,850,310410,25,-100,-15,WALKING,149.0,0,26,-89,-16,-1,-11,1
11-21 09:52:19.521,YES,136203554076247,149,34624,850,310410,27,-97,-15,WALKING,149.0,0,26,-89,-16,1,-8,1
11-21 09:52:21.998,YES,136206024628837,149,34624,850,310410,22,-108,-18,WALKING,149.0,0,26,-89,-16,-4,-19,-2
11-21 09:52:24.435,YES,136207728033590,149,34624,850,310410,21,-107,-16,WALKING,149.0,0,26,-89,-16,-5,-18,0
11-21 09:52:26.647,YES,136209942219331,149,34624,850,310410,19,-108,-13,WALKING,149.0,0,26,-89,-16,-7,-19,3
11-21 09:52:28.952,YES,136211706328049,149,34624,850,310410,21,-108,-14,WALKING,149.0,0,26,-89,-16,-5,-19,2
11-21 09:52:30.981,YES,136213744982783,149,34624,850,310410,24,-102,-15,WALKING,149.0,0,26,-89,-16,-2,-13,1
11-21 09:52:33.913,YES,136215626118127,149,34624,850,310410,21,-103,-12,WALKING,149.0,0,26,-89,-16,-5,-14,4
11-21 09:52:35.944,YES,136217649962651,149,34624,850,310410,21,-106,-14,WALKING,149.0,0,26,-89,-16,-5,-17,2
11-21 09:52:38.921,YES,136219601986856,149,34624,850,310410,24,-103,-16,WALKING,149.0,0,26,-89,-16,-2,-14,0
11-21 09:52:40.964,YES,136221627866745,149,34624,850,310410,20,-106,-12,WALKING,149.0,0,26,-89,-16,-6,-17,4
11-21 09:52:43.037,YES,136222680683309,149,34624,850,310410,21,-103,-10,WALKING,149.0,0,26,-89,-16,-5,-14,6
11-21 09:52:45.140,YES,136224230140182,149,34624,850,310410,22,-105,-16,WALKING,149.0,0,26,-89,-16,-4,-16,0
11-21 09:52:47.997,YES,136226514701243,149,34624,850,310410,21,-106,-15,WALKING,149.0,0,26,-89,-16,-5,-17,1
11-21 09:52:50.484,YES,136228321984704,149,34624,850,310410,22,-106,-17,WALKING,149.0,0,26,-89,-16,-4,-17,-1
11-21 09:52:52.631,YES,136230471400126,149,34624,850,310410,21,-108,-16,WALKING,149.0,0,26,-89,-16,-5,-19,0
11-21 09:52:55.045,YES,136232218961603,149,34624,850,310410,23,-102,-12,WALKING,149.0,0,26,-89,-16,-3,-13,4
11-21 09:52:57.194,YES,136234367901921,149,34624,850,310410,24,-98,-11,WALKING,149.0,0,26,-89,-16,-2,-9,5
11-21 09:52:59.470,YES,136236640931106,149,34624,850,310410,22,-103,-16,WALKING,149.0,0,26,-89,-16,-4,-14,0
11-21 09:53:01.510,YES,136238676200579,149,34624,850,310410,20,-108,-13,WALKING,149.0,0,26,-89,-16,-6,-19,3
11-21 09:53:04.940,YES,136241454452575,149,34624,850,310410,23,-106,-17,WALKING,149.0,0,26,-89,-16,-3,-17,-1
11-21 09:53:07.073,YES,136242943834546,149,34624,850,310410,23,-103,-16,WALKING,149.0,0,26,-89,-16,-3,-14,0
11-21 09:53:09.897,YES,136245112369866,149,34624,850,310410,21,-104,-12,WALKING,149.0,0,26,-89,-14,-5,-15,2
11-21 09:53:12.081,YES,136246630744861,149,34624,850,310410,20,-110,-15,WALKING,149.0,0,26,-89,-16,-6,-21,1
11-21 09:53:14.915,YES,136248808597578,149,34624,850,310410,17,-114,-13,WALKING,149.0,0,26,-89,-16,-9,-25,3
11-21 09:53:17.019,YES,136250328344396,149,34624,850,310410,19,-114,-15,WALKING,149.0,0,26,-89,-16,-7,-25,1
11-21 09:53:19.450,YES,136252378713975,149,34624,850,310410,17,-118,-17,WALKING,149.0,0,17,-111,-14,0,-7,-3
11-21 09:53:21.941,YES,136254082284614,149,34624,850,310410,19,-114,-17,WALKING,149.0,0,17,-111,-19,2,-3,2
11-21 09:53:25.033,YES,136256108722212,149,34624,850,310410,18,-113,-16,WALKING,149.0,0,16,-107,-16,2,-6,0
11-21 09:53:27.452,YES,136258332390246,149,34624,850,310410,18,-113,-16,WALKING,149.0,0,16,-107,-15,2,-6,-1
11-21 09:53:29.954,YES,136260343474300,149,34624,850,310410,21,-111,-18,WALKING,149.0,0,16,-108,-14,5,-3,-4
11-21 09:53:32.248,YES,136262464866439,149,34624,850,310410,20,-112,-17,WALKING,149.0,0,15,-109,-16,5,-3,-1
11-21 09:53:34.416,YES,136264634202280,149,34624,850,310410,20,-112,-17,WALKING,149.0,0,15,-109,-16,5,-3,-1
11-21 09:53:36.456,YES,136266677029254,149,34624,850,310410,19,-112,-17,WALKING,149.0,0,15,-109,-16,4,-3,-1
11-21 09:53:38.926,YES,136269145991583,149,34624,850,310410,19,-111,-16,WALKING,149.0,0,31,0,0,-12,-111,-16
11-21 09:53:41.440,YES,136271648931260,149,34624,850,310410,19,-112,-17,WALKING,149.0,0,31,0,0,-12,-112,-17
11-21 09:53:43.470,YES,136273690565942,149,34624,850,310410,19,-113,-16,WALKING,149.0,0,31,0,0,-12,-113,-16
11-21 09:53:45.937,YES,136276158173376,149,34624,850,310410,20,-112,-16,WALKING,149.0,0,31,0,0,-11,-112,-16
11-21 09:53:48.146,YES,136278366101564,149,34624,850,310410,19,-112,-16,WALKING,149.0,0,31,0,0,-12,-112,-16
11-21 09:53:50.196,YES,136280415966977,149,34624,850,310410,20,-111,-17,WALKING,149.0,0,31,0,0,-11,-111,-17
11-21 09:53:52.631,YES,136282648076678,149,34624,850,310410,18,-114,-16,NOVALUE,149.0,0,31,0,0,-13,-114,-16
11-21 09:53:54.675,YES,136284893551485,149,34624,850,310410,19,-112,-17,NOVALUE,149.0,0,31,0,0,-12,-112,-17
11-21 09:53:56.708,YES,136286925934240,149,34624,850,310410,20,-112,-17,NOVALUE,149.0,0,31,0,0,-11,-112,-17
11-21 09:53:59.190,YES,136289408476102,149,34624,850,310410,19,-114,-17,NOVALUE,149.0,0,31,0,0,-12,-114,-17
11-21 09:54:01.283,YES,136291498243550,149,34624,850,310410,20,-111,-18,NOVALUE,149.0,0,31,0,0,-11,-111,-18
11-21 09:54:03.331,YES,136293549113181,149,34624,850,310410,20,-112,-19,NOVALUE,149.0,0,16,-109,-17,4,-3,-2
11-21 09:54:05.784,YES,136296013431395,149,34624,850,310410,19,-112,-15,NOVALUE,149.0,0,16,-109,-17,3,-3,2
11-21 09:54:08.307,YES,136298521217999,149,34624,850,310410,19,-112,-17,NOVALUE,149.0,0,16,-109,-16,3,-3,-1
11-21 09:54:10.859,YES,136301064747732,149,34624,850,310410,21,-112,-18,NOVALUE,149.0,0,15,-109,-15,6,-3,-3
11-21 09:54:13.313,YES,136303532824071,149,34624,850,310410,18,-112,-13,NOVALUE,149.0,0,15,-109,-15,3,-3,2
11-21 09:54:15.356,YES,136305571539431,149,34624,850,310410,19,-112,-16,NOVALUE,149.0,0,15,-109,-16,4,-3,0
11-21 09:54:17.816,YES,136308039701968,149,34624,850,310410,19,-112,-16,NOVALUE,149.0,0,15,-109,-15,4,-3,-1
11-21 09:54:19.835,YES,136310058580815,149,34624,850,310410,19,-113,-17,NOVALUE,149.0,0,16,-108,-15,3,-5,-2
11-21 09:54:22.332,YES,136312550209240,149,34624,850,310410,20,-112,-18,NOVALUE,149.0,0,16,-108,-18,4,-4,0
11-21 09:54:24.369,YES,136314586909287,149,34624,850,310410,19,-112,-16,NOVALUE,149.0,0,16,-108,-16,3,-4,0
11-21 09:54:29.690,YES,136316443423170,149,34624,850,310410,19,-113,-17,NOVALUE,149.0,0,17,-110,-19,2,-3,2
11-21 09:54:35.917,YES,136316824119979,149,34624,850,310410,20,-112,-17,NOVALUE,149.0,0,17,-110,-16,3,-2,-1
11-21 09:54:41.668,YES,136317567461303,149,34624,850,310410,19,-112,-16,NOVALUE,149.0,0,31,0,0,-12,-112,-16
11-21 09:54:47.932,YES,136317911735035,149,34624,850,310410,20,-112,-18,NOVALUE,149.0,0,16,-110,-16,4,-2,-2
11-21 09:54:53.658,YES,136318780198247,149,34624,850,310410,20,-112,-17,NOVALUE,149.0,0,16,-110,-18,4,-2,1
11-21 09:54:59.740,YES,136319158331149,149,34624,850,310410,19,-112,-16,NOVALUE,149.0,0,16,-110,-18,3,-2,2
11-21 09:55:05.596,YES,136321063777901,149,34624,850,310410,18,-112,-16,NOVALUE,149.0,0,16,-111,-16,2,-1,0
11-21 09:55:12.633,YES,136322355319071,149,34624,850,310410,19,-112,-17,NOVALUE,149.0,0,13,-113,-15,6,1,-2
11-21 09:55:19.032,YES,136322686974834,149,34624,850,310410,20,-112,-17,NOVALUE,149.0,0,13,-113,-17,7,1,0
11-21 09:55:24.662,YES,136323647646961,149,34624,850,310410,20,-112,-17,NOVALUE,149.0,0,31,0,0,-11,-112,-17
11-21 09:55:30.694,YES,136325026521681,149,34624,850,310410,19,-112,-17,NOVALUE,149.0,0,15,-110,-16,4,-2,-1
11-21 09:55:37.000,YES,136325390037447,149,34624,850,310410,18,-112,-14,NOVALUE,149.0,0,15,-110,-14,3,-2,0
11-21 09:55:48.590,YES,136327002925368,149,34624,850,310410,18,-112,-16,NOVALUE,149.0,0,15,-110,-16,3,-2,0
11-21 09:55:54.719,YES,136327342511183,149,34624,850,310410,19,-111,-16,NOVALUE,149.0,0,15,-110,-16,4,-1,0
11-21 09:56:00.619,YES,136327769577996,149,34624,850,310410,19,-112,-17,NOVALUE,149.0,0,16,-109,-17,3,-3,0
11-21 09:56:06.588,YES,136328115185114,149,34624,850,310410,20,-111,-18,NOVALUE,452.0,1,15,-110,-16,5,-1,-2
11-21 09:56:08.646,YES,136330167404745,452,34624,1975,310410,13,-116,-14,NOVALUE,452.0,0,21,-111,-18,-8,-5,4
11-21 09:56:14.686,YES,136331643810570,452,34624,1975,310410,13,-116,-15,NOVALUE,149.0,1,11,-112,-10,2,-4,-5
11-21 09:56:20.586,YES,136331971839613,149,34624,850,310410,18,-112,-14,NOVALUE,149.0,0,18,-107,-17,0,-5,3
11-21 09:56:26.639,YES,136332463027891,149,34624,850,310410,19,-112,-16,NOVALUE,149.0,0,14,-111,-15,5,-1,-1
11-21 09:56:32.789,YES,136334101362064,149,34624,850,310410,20,-111,-17,NOVALUE,149.0,0,15,-113,-18,5,2,1
11-21 09:56:39.651,YES,136335199409882,149,34624,850,310410,19,-112,-16,NOVALUE,149.0,0,14,-114,-16,5,2,0
11-21 09:56:45.901,YES,136335552660178,149,34624,850,310410,21,-111,-18,NOVALUE,149.0,0,16,-111,-17,5,0,-1
11-21 09:56:51.646,YES,136336373434739,149,34624,850,310410,19,-112,-16,NOVALUE,149.0,0,16,-111,-16,3,-1,0
11-21 09:56:57.949,YES,136336686664249,149,34624,850,310410,20,-113,-18,NOVALUE,149.0,0,31,0,0,-11,-113,-18
11-21 09:57:03.692,YES,136337715276591,149,34624,850,310410,20,-113,-17,NOVALUE,149.0,0,18,-107,-18,2,-6,1
11-21 09:57:03.715,YES,136337732913364,149,34624,850,310410,20,-113,-17,NOVALUE,149.0,0,18,-107,-18,2,-6,1
11-21 09:57:15.552,YES,136338028270164,149,34624,850,310410,21,-112,-18,NOVALUE,149.0,0,15,-109,-16,6,-3,-2
11-21 09:57:15.580,YES,136338383574939,149,34624,850,310410,19,-112,-16,NOVALUE,149.0,0,15,-109,-15,4,-3,-1
11-21 09:57:21.611,YES,136338831440921,149,34624,850,310410,17,-113,-16,NOVALUE,149.0,0,16,-108,-15,1,-5,-1
11-21 09:57:27.706,YES,136339201387156,149,34624,850,310410,17,-116,-17,NOVALUE,149.0,0,13,-109,-13,4,-7,-4
11-21 09:57:33.625,YES,136339630949438,149,34624,850,310410,18,-116,-18,NOVALUE,149.0,0,14,-111,-13,4,-5,-5
11-21 09:57:39.620,YES,136341217908919,149,34624,850,310410,18,-117,-18,NOVALUE,149.0,0,31,0,0,-13,-117,-18
11-21 09:57:39.711,YES,136341243148922,149,34624,850,310410,18,-117,-18,NOVALUE,149.0,0,31,0,0,-13,-117,-18
11-21 09:57:41.761,YES,136343352113976,149,34624,850,310410,16,-117,-16,NOVALUE,149.0,0,31,0,0,-15,-117,-16
11-21 09:57:43.820,YES,136345396254752,149,34624,850,310410,16,-117,-15,NOVALUE,149.0,0,31,0,0,-15,-117,-15
11-21 09:57:50.622,YES,136346806106247,149,34624,850,310410,17,-116,-16,NOVALUE,149.0,0,16,-111,-12,1,-5,-4
11-21 09:57:56.650,YES,136347617207265,149,34624,850,310410,18,-115,-17,NOVALUE,149.0,0,31,0,0,-13,-115,-17
11-21 09:58:02.712,YES,136347960572456,149,34624,850,310410,16,-117,-15,NOVALUE,149.0,0,31,0,0,-15,-117,-15
11-21 09:58:07.604,YES,136349265830034,149,34624,850,310410,17,-117,-16,NOVALUE,149.0,0,16,-109,-15,1,-8,-1
11-21 09:58:08.096,YES,136349284333421,149,34624,850,310410,17,-117,-16,NOVALUE,149.0,0,16,-109,-15,1,-8,-1
11-21 09:58:09.666,YES,136351315913936,149,34624,850,310410,16,-117,-14,NOVALUE,149.0,0,16,-109,-15,0,-8,1
11-21 09:58:15.601,YES,136352376057687,149,34624,850,310410,18,-114,-16,NOVALUE,149.0,0,16,-109,-15,2,-5,-1
11-21 09:58:21.661,YES,136352873643778,149,34624,850,310410,18,-115,-17,NOVALUE,149.0,0,17,-107,-12,1,-8,-5
11-21 09:58:33.604,YES,136353534501552,149,34624,850,310410,19,-114,-17,NOVALUE,149.0,0,17,-107,-12,2,-7,-5
11-21 09:58:39.687,YES,136354459367634,149,34624,850,310410,17,-115,-15,NOVALUE,149.0,0,16,-106,-14,1,-9,-1
11-21 09:58:45.835,YES,136354747028080,149,34624,850,310410,20,-114,-19,NOVALUE,452.0,1,17,-108,-17,3,-6,-2
11-21 09:58:51.574,YES,136356022114613,452,34624,1975,310410,11,-122,-15,NOVALUE,149.0,1,31,0,0,-20,-122,-15
11-21 09:59:03.564,YES,136356677230147,149,34624,850,310410,18,-114,-17,NOVALUE,149.0,0,16,-109,-17,2,-5,0
11-21 09:59:09.656,YES,136357131094827,149,34624,850,310410,18,-115,-18,NOVALUE,149.0,0,31,0,0,-13,-115,-18
11-21 09:59:21.565,YES,136357790496924,149,34624,850,310410,18,-115,-16,NOVALUE,149.0,0,18,-106,-17,0,-9,1
11-21 09:59:27.928,YES,136358558015230,149,34624,850,310410,19,-114,-19,NOVALUE,149.0,0,18,-108,-15,1,-6,-4
11-21 09:59:33.654,YES,136359505065220,149,34624,850,310410,19,-115,-17,NOVALUE,149.0,0,18,-107,-13,1,-8,-4
11-21 09:59:33.709,YES,136359520873243,149,34624,850,310410,19,-115,-17,NOVALUE,149.0,0,18,-107,-13,1,-8,-4
11-21 09:59:39.714,YES,136359835456086,149,34624,850,310410,19,-114,-18,NOVALUE,149.0,0,18,-107,-13,1,-7,-5
11-21 09:59:51.635,YES,136360639904969,149,34624,850,310410,18,-114,-17,NOVALUE,149.0,0,16,-107,-17,2,-7,0
11-21 09:59:58.705,YES,136362837579250,149,34624,850,310410,19,-114,-17,NOVALUE,149.0,0,18,-106,-17,1,-8,0
11-21 10:00:00.755,YES,136364882338725,149,34624,850,310410,17,-114,-16,NOVALUE,149.0,0,18,-106,-16,-1,-8,0
11-21 10:00:03.228,YES,136367357732669,149,34624,850,310410,18,-115,-18,NOVALUE,149.0,0,18,-106,-14,0,-9,-4
11-21 10:00:05.263,YES,136369392679799,149,34624,850,310410,18,-115,-16,NOVALUE,149.0,0,18,-106,-14,0,-9,-2
11-21 10:00:07.711,YES,136371795830038,149,34624,850,310410,16,-115,-15,NOVALUE,149.0,0,18,-106,-14,-2,-9,-1
11-21 10:00:09.748,YES,136373874131547,149,34624,850,310410,19,-115,-17,NOVALUE,149.0,0,18,-106,-17,1,-9,0
11-21 10:00:11.777,YES,136375907609979,149,34624,850,310410,20,-115,-19,NOVALUE,149.0,0,31,0,0,-11,-115,-19
11-21 10:00:14.254,YES,136378382537726,149,34624,850,310410,18,-115,-17,NOVALUE,149.0,0,15,-108,-16,3,-7,-1
11-21 10:00:16.757,YES,136380887086152,149,34624,850,310410,18,-114,-17,NOVALUE,149.0,0,15,-108,-16,3,-6,-1
11-21 10:00:18.790,YES,136382920093959,149,34624,850,310410,19,-114,-17,NOVALUE,149.0,0,15,-108,-16,4,-6,-1
11-21 10:00:20.971,YES,136385094645738,149,34624,850,310410,18,-115,-17,NOVALUE,149.0,0,15,-108,-16,3,-7,-1
11-21 10:00:25.733,YES,136385465062910,149,34624,850,310410,17,-115,-13,NOVALUE,149.0,0,15,-108,-15,2,-7,2
11-21 10:00:31.608,YES,136385831275499,149,34624,850,310410,17,-114,-14,NOVALUE,149.0,0,15,-108,-16,2,-6,2
11-21 10:00:37.567,YES,136386147662353,149,34624,850,310410,18,-113,-15,NOVALUE,149.0,0,15,-108,-16,3,-5,1
11-21 10:00:43.691,YES,136386552383800,149,34624,850,310410,19,-114,-18,NOVALUE,149.0,0,15,-108,-16,4,-6,-2
11-21 10:00:49.584,YES,136386890003052,149,34624,850,310410,18,-114,-16,NOVALUE,149.0,0,16,-109,-16,2,-5,0
11-21 10:01:01.586,YES,136389468245445,149,34624,850,310410,17,-114,-15,NOVALUE,149.0,0,15,-109,-13,2,-5,-2
11-21 10:01:07.657,YES,136390867718188,149,34624,850,310410,18,-115,-16,NOVALUE,149.0,0,15,-109,-13,3,-6,-3
11-21 10:01:13.647,YES,136391506617106,149,34624,850,310410,17,-116,-17,NOVALUE,149.0,0,16,-108,-17,1,-8,0
11-21 10:01:13.661,YES,136391530316119,149,34624,850,310410,17,-116,-17,NOVALUE,149.0,0,16,-108,-17,1,-8,0
11-21 10:01:25.595,YES,136392190354310,149,34624,850,310410,19,-114,-16,NOVALUE,149.0,0,14,-110,-15,5,-4,-1
11-21 10:01:37.573,YES,136392878470264,149,34624,850,310410,18,-113,-16,NOVALUE,149.0,0,16,-110,-17,2,-3,1
11-21 10:01:49.604,YES,136393563569863,149,34624,850,310410,17,-114,-14,NOVALUE,149.0,0,17,-110,-15,0,-4,1
11-21 10:01:55.977,YES,136393870206092,149,34624,850,310410,19,-114,-16,NOVALUE,149.0,0,14,-108,-13,5,-6,-3
11-21 10:02:01.657,YES,136394735326490,149,34624,850,310410,17,-114,-15,NOVALUE,149.0,0,16,-106,-16,1,-8,1
11-21 10:02:07.788,YES,136395061015637,149,34624,850,310410,17,-114,-15,NOVALUE,149.0,0,31,0,0,-14,-114,-15
11-21 10:02:09.849,YES,136397299471537,149,34624,850,310410,18,-114,-17,NOVALUE,452.0,1,31,0,0,-13,-114,-17
11-21 10:02:16.640,YES,136399229074750,452,34624,1975,310410,13,-119,-17,NOVALUE,149.0,1,19,-113,-18,-6,-6,1
11-21 10:02:28.569,YES,136399861183407,149,34624,850,310410,16,-115,-12,NOVALUE,149.0,0,15,-106,-13,1,-9,1
11-21 10:02:40.576,YES,136400542061340,149,34624,850,310410,18,-114,-17,NOVALUE,149.0,0,14,-107,-13,4,-7,-4
11-21 10:02:40.584,YES,136400551142747,149,34624,850,310410,18,-114,-17,NOVALUE,149.0,0,14,-107,-13,4,-7,-4
11-21 10:02:46.646,YES,136401008938261,149,34624,850,310410,19,-113,-18,NOVALUE,452.0,1,14,-107,-13,5,-6,-5
11-21 10:02:58.577,YES,136401628970667,452,34624,1975,310410,13,-119,-16,NOVALUE,452.0,0,19,-114,-18,-6,-5,2
11-21 10:03:04.640,YES,136402975055228,452,34624,1975,310410,13,-119,-18,NOVALUE,452.0,0,11,-121,-19,2,2,1
11-21 10:03:04.996,YES,136403010071533,452,34624,1975,310410,13,-119,-18,NOVALUE,452.0,0,11,-121,-19,2,2,1
11-21 10:03:10.728,YES,136403703235404,452,34624,1975,310410,11,-119,-14,NOVALUE,452.0,0,11,-120,-19,0,1,5
11-21 10:03:16.654,YES,136404619354819,452,34624,1975,310410,13,-121,-19,NOVALUE,149.0,1,13,-118,-18,0,-3,-1
11-21 10:03:19.159,YES,136407114947307,149,34624,850,310410,17,-115,-14,NOVALUE,149.0,0,16,-110,-17,1,-5,3
11-21 10:03:21.660,YES,136409616075733,149,34624,850,310410,19,-115,-17,NOVALUE,149.0,0,16,-110,-17,3,-5,0
11-21 10:03:27.594,YES,136410095519531,149,34624,850,310410,18,-115,-15,NOVALUE,149.0,0,16,-110,-14,2,-5,-1
11-21 10:03:27.612,YES,136410103193907,149,34624,850,310410,18,-115,-15,NOVALUE,149.0,0,16,-110,-14,2,-5,-1
11-21 10:03:39.646,YES,136410865667160,149,34624,850,310410,19,-115,-18,NOVALUE,149.0,0,14,-108,-13,5,-7,-5
11-21 10:03:39.674,YES,136410892683048,149,34624,850,310410,19,-115,-18,NOVALUE,452.0,1,14,-108,-13,5,-7,-5
11-21 10:03:45.665,YES,136411255914803,452,34624,1975,310410,11,-123,-16,NOVALUE,149.0,1,19,-115,-18,-8,-8,2
11-21 10:03:57.582,YES,136411926360651,149,34624,850,310410,19,-115,-19,NOVALUE,210.0,1,15,-107,-13,4,-8,-6
11-21 10:04:09.582,YES,136412614524417,210,34624,850,310410,18,-115,-17,NOVALUE,210.0,0,17,-104,-14,1,-11,-3
11-21 10:04:11.646,YES,136414667470872,210,34624,850,310410,19,-113,-18,NOVALUE,210.0,0,17,-104,-14,2,-9,-4
11-21 10:04:17.664,YES,136416238838945,210,34624,850,310410,18,-113,-16,NOVALUE,210.0,0,17,-104,-14,1,-9,-2
11-21 10:04:23.693,YES,136416613474555,210,34624,850,310410,19,-115,-17,NOVALUE,210.0,0,16,-107,-10,3,-8,-7
11-21 10:04:30.570,YES,136417774410504,210,34624,850,310410,19,-114,-18,NOVALUE,210.0,0,18,-105,-18,1,-9,0
11-21 10:04:42.590,YES,136418484909273,210,34624,850,310410,16,-116,-14,NOVALUE,210.0,0,15,-106,-12,1,-10,-2
11-21 10:04:42.608,YES,136418493522034,210,34624,850,310410,16,-116,-14,NOVALUE,210.0,0,15,-106,-12,1,-10,-2
11-21 10:04:48.722,YES,136418834974204,210,34624,850,310410,19,-114,-18,NOVALUE,210.0,0,15,-106,-12,4,-8,-6
11-21 10:04:54.599,YES,136419454990776,210,34624,850,310410,18,-115,-16,NOVALUE,210.0,0,15,-106,-12,3,-9,-4
11-21 10:05:06.598,YES,136420205712309,210,34624,850,310410,19,-115,-19,NOVALUE,210.0,0,17,-106,-15,2,-9,-4
11-21 10:05:12.665,YES,136421543501557,210,34624,850,310410,19,-114,-19,NOVALUE,210.0,0,18,-107,-16,1,-7,-3
11-21 10:05:18.625,YES,136422350629241,210,34624,850,310410,19,-114,-19,NOVALUE,210.0,0,14,-108,-13,5,-6,-6
11-21 10:05:24.698,YES,136422737869280,210,34624,850,310410,18,-115,-17,NOVALUE,210.0,0,15,-106,-12,3,-9,-5
11-21 10:05:30.793,YES,136423152135988,210,34624,850,310410,18,-115,-17,NOVALUE,210.0,0,15,-107,-14,3,-8,-3
11-21 10:05:36.568,YES,136424462565389,210,34624,850,310410,19,-114,-17,NOVALUE,210.0,0,14,-107,-13,5,-7,-4
11-21 10:05:42.679,YES,136424908846371,210,34624,850,310410,18,-115,-16,NOVALUE,210.0,0,14,-107,-13,4,-8,-3
11-21 10:05:47.782,YES,136425393760899,210,34624,850,310410,19,-114,-17,NOVALUE,210.0,0,15,-108,-14,4,-6,-3
11-21 10:05:53.606,YES,136426177624414,210,34624,850,310410,17,-117,-17,NOVALUE,210.0,0,15,-113,-13,2,-4,-4
11-21 10:05:59.978,YES,136426916868967,210,34624,850,310410,20,-116,-20,NOVALUE,210.0,0,15,-105,-13,5,-11,-7
11-21 10:06:05.689,YES,136428441367296,210,34624,850,310410,19,-114,-18,NOVALUE,210.0,0,15,-107,-14,4,-7,-4
11-21 10:06:11.702,YES,136428769914725,210,34624,850,310410,17,-115,-16,NOVALUE,210.0,0,15,-107,-14,2,-8,-2
11-21 10:06:13.740,YES,136430926844366,210,34624,850,310410,18,-117,-17,NOVALUE,210.0,0,16,-107,-14,2,-10,-3
11-21 10:06:19.706,YES,136432352370811,210,34624,850,310410,17,-116,-16,NOVALUE,210.0,0,15,-107,-13,2,-9,-3
11-21 10:06:31.649,YES,136433142625525,210,34624,850,310410,19,-115,-18,NOVALUE,210.0,0,14,-107,-13,5,-8,-5
11-21 10:06:37.692,YES,136433513469572,210,34624,850,310410,18,-116,-17,NOVALUE,210.0,0,13,-107,-11,5,-9,-6
11-21 10:06:43.579,YES,136434884740959,210,34624,850,310410,17,-117,-17,NOVALUE,210.0,0,13,-106,-10,4,-11,-7
11-21 10:06:43.596,YES,136434892588095,210,34624,850,310410,17,-117,-17,NOVALUE,210.0,0,13,-106,-10,4,-11,-7
11-21 10:06:49.939,YES,136435652634473,210,34624,850,310410,18,-115,-17,NOVALUE,210.0,0,15,-106,-13,3,-9,-4
11-21 10:06:55.637,YES,136436503882474,210,34624,850,310410,18,-116,-19,NOVALUE,210.0,0,31,0,0,-13,-116,-19
11-21 10:07:07.587,YES,136438167887796,210,34624,850,310410,19,-114,-18,NOVALUE,210.0,0,16,-108,-16,3,-6,-2
11-21 10:07:13.672,YES,136438680081701,210,34624,850,310410,18,-115,-18,NOVALUE,210.0,0,16,-108,-16,2,-7,-2
11-21 10:07:13.691,YES,136438687354462,210,34624,850,310410,18,-115,-18,NOVALUE,210.0,0,16,-108,-16,2,-7,-2
11-21 10:07:19.633,YES,136440955861616,210,34624,850,310410,18,-116,-18,NOVALUE,210.0,0,16,-108,-15,2,-8,-3
11-21 10:07:25.625,YES,136441448241873,210,34624,850,310410,18,-114,-16,NOVALUE,210.0,0,16,-108,-15,2,-6,-1
11-21 10:07:31.740,YES,136441812702066,210,34624,850,310410,17,-116,-16,NOVALUE,210.0,0,31,0,0,-14,-116,-16
11-21 10:07:37.587,YES,136442593130268,210,34624,850,310410,17,-116,-16,NOVALUE,210.0,0,31,0,0,-14,-116,-16
11-21 10:07:37.605,YES,136442601049592,210,34624,850,310410,17,-116,-16,NOVALUE,210.0,0,31,0,0,-14,-116,-16
11-21 10:07:43.668,YES,136443065757972,210,34624,850,310410,18,-116,-18,NOVALUE,210.0,0,14,-107,-12,4,-9,-6
11-21 10:07:49.577,YES,136444291670958,210,34624,850,310410,18,-115,-16,NOVALUE,210.0,0,16,-107,-15,2,-8,-1
11-21 10:07:49.586,YES,136444300058876,210,34624,850,310410,18,-115,-16,NOVALUE,210.0,0,16,-107,-15,2,-8,-1
11-21 10:07:55.699,YES,136444706745687,210,34624,850,310410,18,-116,-18,NOVALUE,210.0,0,16,-107,-15,2,-9,-3
11-21 10:08:07.575,YES,136445490872224,210,34624,850,310410,18,-115,-18,NOVALUE,210.0,0,15,-108,-14,3,-7,-4
11-21 10:08:13.575,YES,136445807091995,210,34624,850,310410,18,-115,-17,NOVALUE,210.0,0,15,-107,-13,3,-8,-4
11-21 10:08:15.637,YES,136447863824491,210,34624,850,310410,19,-115,-17,NOVALUE,210.0,0,15,-107,-13,4,-8,-4
11-21 10:08:21.646,YES,136448994503666,210,34624,850,310410,16,-116,-15,NOVALUE,210.0,0,13,-107,-12,3,-9,-3
11-21 10:08:21.662,YES,136449002004448,210,34624,850,310410,16,-116,-15,NOVALUE,210.0,0,13,-107,-12,3,-9,-3
11-21 10:08:27.606,YES,136449765371660,210,34624,850,310410,20,-114,-19,NOVALUE,210.0,0,14,-108,-12,6,-6,-7
11-21 10:08:33.592,YES,136450124892060,210,34624,850,310410,19,-116,-18,NOVALUE,210.0,0,15,-108,-15,4,-8,-3
11-21 10:08:45.633,YES,136450919455733,210,34624,850,310410,19,-114,-17,NOVALUE,210.0,0,15,-107,-13,4,-7,-4
11-21 10:08:51.579,YES,136451332373378,210,34624,850,310410,18,-115,-17,NOVALUE,210.0,0,15,-107,-13,3,-8,-4
11-21 10:08:53.898,YES,136453641704181,210,34624,850,310410,19,-115,-17,NOVALUE,210.0,0,17,-111,-17,2,-4,0
11-21 10:08:55.954,YES,136455702319595,210,34624,850,310410,19,-116,-19,NOVALUE,210.0,0,17,-111,-10,2,-5,-9
11-21 10:09:02.687,YES,136457038015822,210,34624,850,310410,16,-117,-16,NOVALUE,210.0,0,15,-108,-14,1,-9,-2
11-21 10:09:08.920,YES,136457397856847,210,34624,850,310410,18,-116,-19,NOVALUE,210.0,0,15,-108,-15,3,-8,-4
11-21 10:09:14.698,YES,136458082990561,210,34624,850,310410,18,-116,-18,NOVALUE,452.0,1,14,-108,-11,4,-8,-7
11-21 10:09:16.744,YES,136460241495724,452,34624,1975,310410,12,-119,-15,NOVALUE,452.0,0,31,0,0,-19,-119,-15
11-21 10:09:18.772,YES,136462270128531,452,34624,1975,310410,10,-119,-10,NOVALUE,452.0,0,31,0,0,-21,-119,-10
11-21 10:09:21.256,YES,136464751705601,452,34624,1975,310410,11,-119,-13,NOVALUE,452.0,0,12,-115,-15,-1,-4,2
11-21 10:09:23.757,YES,136467251163037,452,34624,1975,310410,12,-119,-16,NOVALUE,210.0,1,9,-117,-10,3,-2,-6
11-21 10:09:30.704,YES,136468614145413,210,34624,850,310410,18,-117,-19,NOVALUE,210.0,0,17,-107,-14,1,-10,-5
11-21 10:09:36.568,YES,136468962121385,210,34624,850,310410,18,-116,-19,NOVALUE,210.0,0,15,-107,-14,3,-9,-5
11-21 10:09:42.641,YES,136469440596849,210,34624,850,310410,18,-116,-18,NOVALUE,210.0,0,16,-108,-15,2,-8,-3
11-21 10:09:48.700,YES,136469787734696,210,34624,850,310410,18,-115,-18,NOVALUE,210.0,0,18,-106,-17,0,-9,-1
11-21 10:09:50.745,YES,136471945984182,210,34624,850,310410,18,-115,-17,NOVALUE,210.0,0,18,-106,-15,0,-9,-2
11-21 10:09:52.773,YES,136473973507196,210,34624,850,310410,18,-116,-19,NOVALUE,210.0,0,17,-108,-16,1,-8,-3
11-21 10:09:55.244,YES,136476445632911,210,34624,850,310410,17,-117,-18,NOVALUE,210.0,0,17,-108,-14,0,-9,-4
11-21 10:09:57.282,YES,136478483809052,210,34624,850,310410,19,-115,-19,NOVALUE,210.0,0,15,-107,-14,4,-8,-5
11-21 10:09:59.711,YES,136480777752406,210,34624,850,310410,19,-114,-19,NOVALUE,50.0,1,31,0,0,-12,-114,-19
11-21 10:10:01.765,YES,136482958262519,50,34624,5780,310410,20,-113,-20,NOVALUE,50.0,0,31,0,0,-11,-113,-20
11-21 10:10:03.807,YES,136484994209128,50,34624,5780,310410,20,-110,-19,NOVALUE,50.0,0,31,0,0,-11,-110,-19
11-21 10:10:06.264,YES,136487462082915,50,34624,5780,310410,19,-112,-18,NOVALUE,50.0,0,15,-114,-15,4,2,-3
11-21 10:10:08.297,YES,136489498484889,50,34624,5780,310410,19,-109,-17,NOVALUE,50.0,0,15,-114,-20,4,5,3
11-21 10:10:14.583,YES,136490431267065,50,34624,5780,310410,18,-111,-17,NOVALUE,50.0,0,13,-119,-20,5,8,3
11-21 10:10:16.640,YES,136492480777686,50,34624,5780,310410,18,-110,-15,NOVALUE,50.0,0,13,-118,-20,5,8,5
11-21 10:10:22.649,YES,136493584156650,50,34624,5780,310410,20,-109,-18,NOVALUE,50.0,0,15,-113,-19,5,4,1
11-21 10:10:28.789,YES,136495512364967,50,34624,5780,310410,17,-111,-12,NOVALUE,50.0,0,13,-118,-20,4,7,8
11-21 10:10:34.627,YES,136496383351825,50,34624,5780,310410,20,-108,-17,NOVALUE,50.0,0,14,-115,-19,6,7,2
11-21 10:10:40.654,YES,136496786780771,50,34624,5780,310410,19,-112,-19,NOVALUE,50.0,0,15,-115,-20,4,3,1
11-21 10:10:52.588,YES,136497483227351,50,34624,5780,310410,19,-109,-17,NOVALUE,50.0,0,14,-116,-20,5,7,3
11-21 10:10:58.718,YES,136498341536655,50,34624,5780,310410,21,-108,-19,NOVALUE,50.0,0,15,-114,-20,6,6,1
11-21 10:11:04.616,YES,136498804106753,50,34624,5780,310410,20,-111,-20,NOVALUE,50.0,0,16,-112,-20,4,1,0
11-21 10:11:10.684,YES,136500352539824,50,34624,5780,310410,19,-111,-18,NOVALUE,50.0,0,15,-114,-20,4,3,2
11-21 10:11:16.859,YES,136500755126479,50,34624,5780,310410,19,-109,-17,NOVALUE,50.0,0,14,-115,-20,5,6,3
11-21 10:11:22.569,YES,136501639227713,50,34624,5780,310410,19,-113,-18,NOVALUE,50.0,0,15,-117,-20,4,4,2
11-21 10:11:28.729,YES,136502004325197,50,34624,5780,310410,21,-111,-20,NOVALUE,50.0,0,15,-117,-20,6,6,0
11-21 10:11:40.578,YES,136502801846058,50,34624,5780,310410,18,-111,-16,NOVALUE,50.0,0,15,-113,-20,3,2,4
11-21 10:11:40.586,YES,136502808991684,50,34624,5780,310410,18,-111,-16,NOVALUE,50.0,0,15,-113,-20,3,2,4
11-21 10:11:52.592,YES,136503496696752,50,34624,5780,310410,20,-111,-20,NOVALUE,50.0,0,17,-112,-20,3,1,0
11-21 10:11:54.638,YES,136505534968830,50,34624,5780,310410,21,-109,-20,NOVALUE,50.0,0,14,-118,-20,7,9,0
11-21 10:11:57.109,YES,136508005770170,50,34624,5780,310410,21,-109,-20,NOVALUE,50.0,0,16,-112,-20,5,3,0
11-21 10:11:59.145,YES,136510039938966,50,34624,5780,310410,21,-110,-20,NOVALUE,50.0,0,15,-117,-20,6,7,0
11-21 10:12:01.620,YES,136512518110099,50,34624,5780,310410,20,-110,-19,NOVALUE,50.0,0,15,-116,-20,5,6,1
11-21 10:12:10.088,YES,136514825520589,50,34624,5780,310410,18,-113,-18,NOVALUE,50.0,0,15,-111,-17,3,-2,-1
11-21 10:12:15.662,YES,136515810025843,50,34624,5780,310410,20,-113,-20,NOVALUE,50.0,0,15,-114,-20,5,1,0
11-21 10:12:18.166,YES,136518324871094,50,34624,5780,310410,18,-110,-15,NOVALUE,50.0,0,13,-113,-17,5,3,2
11-21 10:12:22.647,YES,136519445174591,50,34624,5780,310410,19,-111,-18,NOVALUE,50.0,0,15,-113,-19,4,2,1
11-21 10:12:34.610,YES,136519918835576,50,34624,5780,310410,19,-112,-19,NOVALUE,210.0,1,14,-114,-20,5,2,1
11-21 10:13:33.666,YES,136521995106355,210,34624,850,310410,19,-115,-19,NOVALUE,210.0,0,14,-111,-15,5,-4,-4
11-21 10:14:24.654,YES,136522470308330,210,34624,850,310410,19,-115,-18,NOVALUE,210.0,0,16,-108,-17,3,-7,-1
11-21 10:14:26.698,YES,136524502695980,210,34624,850,310410,19,-116,-19,NOVALUE,210.0,0,16,-108,-15,3,-8,-4
11-21 10:14:29.151,YES,136526706154585,210,34624,850,310410,18,-117,-19,NOVALUE,210.0,0,15,-109,-15,3,-8,-4
11-21 10:15:00.579,YES,136527242577295,210,34624,850,310410,18,-116,-18,NOVALUE,149.0,1,15,-107,-13,3,-9,-5
11-21 10:16:39.639,YES,136528020064091,149,34624,850,310410,17,-114,-14,NOVALUE,149.0,0,13,-109,-12,4,-5,-2
11-21 10:16:50.770,YES,136528456256582,149,34624,850,310410,19,-111,-12,NOVALUE,149.0,0,13,-109,-11,6,-2,-1
11-21 10:16:52.817,YES,136530657261229,149,34624,850,310410,14,-122,-17,NOVALUE,149.0,0,13,-109,-12,1,-13,-5
11-21 10:16:55.239,YES,136533079886001,149,34624,850,310410,17,-120,-18,NOVALUE,149.0,0,14,-112,-12,3,-8,-6
11-21 10:16:57.289,YES,136535116910475,149,34624,850,310410,17,-119,-17,NOVALUE,149.0,0,12,-112,-13,5,-7,-4
11-21 10:16:59.747,YES,136537590467753,149,34624,850,310410,17,-116,-17,NOVALUE,234.0,1,12,-112,-13,5,-4,-4
11-21 15:00:31.800,YES,137464339487470,234,34624,9820,310410,19,-107,-13,NOVALUE,234.0,0,26,-83,-14,-7,-24,1
11-21 15:00:43.723,YES,137465054772229,234,34624,9820,310410,17,-109,-12,NOVALUE,234.0,0,26,-83,-13,-9,-26,1
